0 0.128125 0.24453125 0.028125 0.065625
0 0.128125 0.7453125 0.028125 0.065625
0 0.3625 0.16953125 0.028125 0.065625
0 0.3625 0.51015625 0.028125 0.065625
0 0.63359375 0.16953125 0.028125 0.065625
0 0.63359375 0.53203125 0.028125 0.065625
0 0.61640625 0.76171875 0.05625 0.03125
0 0.86953125 0.7453125 0.028125 0.065625
0 0.86953125 0.2421875 0.028125 0.059375
8 0.2 0.22578125 0.05 0.028125
8 0.26796875 0.22578125 0.05 0.028125
8 0.4984375 0.15078125 0.078125 0.028125
8 0.7265625 0.22578125 0.05 0.028125
8 0.7984375 0.22578125 0.05 0.028125
8 0.86953125 0.43671875 0.0265625 0.046875
8 0.86953125 0.503125 0.0265625 0.046875
8 0.7515625 0.76328125 0.128125 0.0265625
8 0.496875 0.76328125 0.16875 0.0265625
8 0.246875 0.76328125 0.128125 0.0265625
1 0.27109375 0.41328125 0.05 0.065625
1 0.284375 0.51015625 0.05 0.065625
1 0.3828125 0.41484375 0.0625 0.053125
2 0.4203125 0.29375 0.065625 0.0453125
1 0.82890625 0.41171875 0.0546875 0.065625
6 0.53671875 0.3765625 0.1671875 0.121875
1 0.38359375 0.35859375 0.0625 0.0484375