0 0.20546875 0.1984375 0.00625 0.05
0 0.20546875 0.7015625 0.00625 0.05
0 0.8 0.83203125 0.025 0.0140625
0 0.8 0.55 0.0265625 0.0140625
0 0.81015625 0.1984375 0.0078125 0.05
0 0.55390625 0.8140625 0.00625 0.05
0 0.371875 0.7015625 0.0078125 0.05
0 0.596875 0.49296875 0.0265625 0.0125
0 0.60625 0.1984375 0.0078125 0.05
0 0.371875 0.1984375 0.0078125 0.05
8 0.70703125 0.18046875 0.128125 0.0140625
8 0.53125 0.18046875 0.0875 0.0140625
8 0.4078125 0.1796875 0.0390625 0.0125
8 0.2890625 0.18046875 0.0859375 0.0125
8 0.27734375 0.7203125 0.0859375 0.0140625
8 0.60390625 0.83203125 0.040625 0.0140625
1 0.6734375 0.58671875 0.0375 0.0875
1 0.625 0.55234375 0.04375 0.075
1 0.5765625 0.6328125 0.0375 0.0875
1 0.49921875 0.45546875 0.0390625 0.0875
1 0.421875 0.36484375 0.0390625 0.0875
1 0.353125 0.48671875 0.0453125 0.075
2 0.46328125 0.6828125 0.078125 0.0875
8 0.81015625 0.74765625 0.00625 0.0734375
8 0.81015625 0.60078125 0.00625 0.075