0 0.26015625 0.125 0.0640625 0.02265625
0 0.61328125 0.12421875 0.065625 0.02265625
0 0.9234375 0.4203125 0.06484375 0.025
0 0.74453125 0.571875 0.0640625 0.021875
0 0.4546875 0.4203125 0.06640625 0.02578125
0 0.20234375 0.57421875 0.06640625 0.03125
0 0.203125 0.79453125 0.065625 0.03125
0 0.7703125 0.79375 0.06640625 0.03125
8 0.63203125 0.21328125 0.025 0.05078125
8 0.834375 0.42109375 0.0765625 0.02578125
8 0.9390625 0.49453125 0.034375 0.071875
8 0.64453125 0.79375 0.07265625 0.0328125
1 0.51015625 0.38046875 0.0734375 0.065625
1 0.584375 0.38359375 0.071875 0.06796875
1 0.634375 0.54453125 0.06328125 0.05390625
1 0.8359375 0.53203125 0.08125 0.0765625
1 0.440625 0.49609375 0.05 0.05234375
1 0.37890625 0.5453125 0.06015625 0.04609375
2 0.33671875 0.75859375 0.09765625 0.06640625
2 0.7546875 0.68515625 0.0609375 0.084375