0 0.1796875 0.0578125 0.009375 0.03125
0 0.1796875 0.8734375 0.009375 0.0515625
0 0.596875 0.9796875 0.0046875 0.0265625
0 0.828125 0.0546875 0.0046875 0.025
8 0.4734375 0.0453125 0.059375 0.00625
8 0.59140625 0.0453125 0.059375 0.00625
8 0.828125 0.14921875 0.0046875 0.0921875
8 0.696875 0.54296875 0.0046875 0.09375
8 0.63125 0.603125 0.059375 0.0046875
8 0.596875 0.7203125 0.0046875 0.0890625
8 0.596875 0.86796875 0.0046875 0.09375
8 0.3109375 0.89453125 0.059375 0.0078125
8 0.1796875 0.7515625 0.009375 0.090625
5 0.45625 0.26328125 0.0578125 0.00625
5 0.603125 0.2640625 0.046875 0.00625
1 0.5125 0.290625 0.03125 0.0359375
1 0.5515625 0.29140625 0.0296875 0.0328125
1 0.64296875 0.3453125 0.0359375 0.0484375
1 0.43046875 0.34609375 0.0375 0.0515625
1 0.5140625 0.4 0.028125 0.03125
1 0.57734375 0.4015625 0.03125 0.0328125
1 0.7375 0.39375 0.028125 0.03125
1 0.5125 0.51015625 0.028125 0.03125
1 0.39375 0.61796875 0.0328125 0.0359375
1 0.3851875 0.8866359375 0.359 0.913671875 0.3825625 0.9503875 0.40774999999999995 0.9219484375 0.3851875 0.8866359375
1 0.6973125 0.299375 0.7195625 0.321953125 0.7381875 0.29085937500000003 0.7170625 0.2685140625 0.6973125 0.299375
8 0.828125 0.3203125 0.0046875 0.0375
8 0.44140625 0.5984375 0.0390625 0.0125
5 0.4671875 0.45390625 0.0046875 0.0734375
5 0.55859375 0.54296875 0.0046875 0.0734375