0 0.29609375 0.8046875 0.0390625 0.0109375
0 0.1734375 0.64375 0.0375 0.009375
0 0.17265625 0.396875 0.0375 0.009375
0 0.17265625 0.13515625 0.0375 0.009375
0 0.51796875 0.071875 0.028125 0.009375
0 0.38359375 0.1484375 0.0109375 0.034375
0 0.57421875 0.28671875 0.0375 0.009375
0 0.4875 0.40859375 0.009375 0.034375
0 0.76640625 0.39609375 0.0375 0.009375
0 0.7671875 0.571875 0.0375 0.009375
0 0.4875 0.72734375 0.009375 0.034375
0 0.76640625 0.740625 0.0375 0.009375
0 0.7671875 0.93203125 0.0375 0.009375
0 0.5015625 0.93203125 0.0375 0.009375
8 0.38515625 0.8046875 0.121875 0.009375
8 0.59609375 0.9328125 0.121875 0.009375
8 0.28359375 0.71796875 0.0109375 0.115625
8 0.159375 0.175 0.009375 0.06875
8 0.48125 0.071875 0.046875 0.009375
8 0.5875 0.34140625 0.0109375 0.071875
8 0.63515625 0.39609375 0.0734375 0.009375
8 0.78046875 0.46875 0.009375 0.053125
8 0.68203125 0.65546875 0.009375 0.053125
1 0.51484375 0.77109375 0.065625 0.053125
1 0.5390625 0.71875 0.046875 0.053125
1 0.5890625 0.66328125 0.05625 0.04375
1 0.7046875 0.47421875 0.05625 0.04375
1 0.5203125 0.421875 0.0546875 0.0625
1 0.35546875 0.36640625 0.0671875 0.053125
1 0.47890625 0.184375 0.046875 0.053125
1 0.40625 0.23203125 0.05625 0.04375
5 0.271875 0.1359375 0.1125 0.009375