0 0.16484375 0.3234375 0.00625 0.01875
0 0.16484375 0.690625 0.00625 0.01875
0 0.47734375 0.6921875 0.00625 0.01875
0 0.8125 0.3234375 0.00625 0.01875
0 0.81328125 0.48515625 0.00625 0.01875
0 0.5453125 0.48515625 0.0078125 0.01875
0 0.5453125 0.315625 0.00625 0.003125
0 0.54453125 0.32578125 0.00625 0.015625
8 0.16484375 0.4109375 0.009375 0.075
8 0.16484375 0.62734375 0.0109375 0.0578125
8 0.2671875 0.7 0.084375 0.0046875
8 0.42421875 0.7 0.075 0.00625
8 0.503125 0.5125 0.0109375 0.021875
8 0.27890625 0.315625 0.084375 0.00625
1 0.18984375 0.51796875 0.0625 0.0296875
1 0.2453125 0.54296875 0.034375 0.0203125
1 0.44375 0.540625 0.0453125 0.021875
1 0.52265625 0.4546875 0.05625 0.0265625
1 0.60859375 0.32421875 0.040625 0.025
1 0.39765625 0.59609375 0.040625 0.0234375
6 0.4234375 0.6546875 0.1078125 0.0875
1 0.45234375 0.57265625 0.0640625 0.03125