0 0.10234375 0.11640625 0.0265625 0.0125
0 0.3796875 0.11640625 0.0265625 0.0125
0 0.73359375 0.1171875 0.025 0.0125
0 0.971875 0.11640625 0.0265625 0.0125
0 0.971875 0.4125 0.0265625 0.0125
0 0.971875 0.709375 0.0265625 0.0125
0 0.75 0.4125 0.0265625 0.0125
0 0.73359375 0.909375 0.025 0.0125
0 0.378125 0.909375 0.0265625 0.0125
0 0.1171875 0.909375 0.0265625 0.0125
0 0.10078125 0.4515625 0.025 0.0125
0 0.378125 0.4046875 0.025 0.0125
0 0.603125 0.4046875 0.0265625 0.0125
8 0.06015625 0.31796875 0.0125 0.071875
8 0.06015625 0.25 0.015625 0.071875
8 0.16640625 0.11640625 0.0578125 0.015625
8 0.22109375 0.1171875 0.0578125 0.01875
8 0.109375 0.74296875 0.0125 0.071875
8 0.109375 0.67421875 0.015625 0.071875
8 0.2421875 0.909375 0.059375 0.0171875
8 0.296875 0.91015625 0.059375 0.021875
8 0.55390625 0.909375 0.059375 0.0171875
8 0.60859375 0.909375 0.059375 0.021875
8 0.834375 0.70859375 0.059375 0.01875
8 0.8890625 0.70859375 0.059375 0.0234375
8 0.98046875 0.59453125 0.0125 0.0734375
8 0.98046875 0.52734375 0.0140625 0.0734375
8 0.98046875 0.29921875 0.0140625 0.0734375
8 0.98046875 0.23046875 0.01875 0.071875
8 0.834375 0.11640625 0.059375 0.01875
8 0.88984375 0.1171875 0.059375 0.021875
1 0.62578125 0.32265625 0.0359375 0.053125
1 0.753125 0.44375 0.0359375 0.046875
1 0.753125 0.38203125 0.0359375 0.046875