0 0.8734375 0.134375 0.040625 0.0140625
0 0.8734375 0.34375 0.040625 0.0140625
0 0.8734375 0.5140625 0.040625 0.0140625
0 0.87265625 0.82421875 0.0390625 0.0140625
0 0.4453125 0.81796875 0.021875 0.028125
0 0.24140625 0.82265625 0.03125 0.0171875
0 0.16796875 0.6578125 0.040625 0.0140625
0 0.1515625 0.47265625 0.0390625 0.0140625
0 0.1515625 0.134375 0.0390625 0.0140625
0 0.459375 0.134375 0.0390625 0.0140625
0 0.46796875 0.4671875 0.0203125 0.025
5 0.88828125 0.24609375 0.009375 0.090625
5 0.88828125 0.63515625 0.009375 0.0921875
5 0.88828125 0.76796875 0.009375 0.090625
8 0.1546875 0.57109375 0.0109375 0.084375
8 0.56328125 0.13203125 0.084375 0.0078125
5 0.584375 0.34765625 0.0859375 0.00625
5 0.34296875 0.5296875 0.00625 0.0796875
1 0.82421875 0.3671875 0.059375 0.046875
1 0.72421875 0.37421875 0.059375 0.05
1 0.64375 0.425 0.0625 0.0484375
1 0.5703125 0.49140625 0.059375 0.04375
1 0.4515625 0.54140625 0.0546875 0.040625
1 0.4 0.765625 0.059375 0.05
1 0.39765625 0.73125 0.071875 0.0546875
1 0.33984375 0.61796875 0.0640625 0.0484375
1 0.503125 0.42734375 0.0640625 0.0484375
1 0.50234375 0.36796875 0.05 0.046875
8 0.6921875 0.8265625 0.084375 0.0078125
8 0.7828125 0.8265625 0.0859375 0.0078125