0 0.9078125 0.73671875 0.025 0.00625
0 0.90703125 0.121875 0.025 0.00625
0 0.3671875 0.121875 0.025 0.00625
0 0.11875 0.18125 0.025 0.009375
0 0.1671875 0.3484375 0.025 0.0125
0 0.1671875 0.73515625 0.025 0.009375
0 0.47109375 0.73515625 0.025 0.009375
0 0.75703125 0.73515625 0.025 0.009375
0 0.765625 0.528125 0.009375 0.034375
0 0.7578125 0.2453125 0.025 0.0125
0 0.46171875 0.2453125 0.025 0.0125
0 0.47109375 0.52734375 0.025 0.009375
8 0.21953125 0.73515625 0.0515625 0.0125
8 0.3140625 0.73515625 0.028125 0.0125
8 0.39296875 0.73515625 0.0515625 0.0109375
8 0.51640625 0.7359375 0.028125 0.0109375
8 0.5859375 0.73515625 0.0765625 0.0109375
8 0.6921875 0.73515625 0.0515625 0.0109375
8 0.765625 0.47109375 0.009375 0.046875
8 0.765625 0.33984375 0.0109375 0.090625
8 0.6921875 0.2453125 0.0515625 0.015625
8 0.575 0.24609375 0.075 0.015625
8 0.40078125 0.2453125 0.0421875 0.015625
8 0.30078125 0.2546875 0.040625 0.0140625
8 0.15859375 0.4328125 0.0109375 0.059375
8 0.15859375 0.63125 0.0125 0.109375
1 0.30078125 0.60859375 0.028125 0.046875
1 0.24765625 0.5578125 0.046875 0.05625
1 0.3734375 0.559375 0.046875 0.059375
1 0.2578125 0.28203125 0.034375 0.046875
1 0.48984375 0.271875 0.034375 0.046875
8 0.765625 0.6375 0.0125 0.09375
1 0.646875 0.5453125 0.028125 0.0453125
1 0.68203125 0.50234375 0.0390625 0.046875
1 0.646875 0.421875 0.028125 0.046875
6 0.175 0.2640625 0.128125 0.1625