0 0.31484375 0.48828125 0.02109375 0.046875
1 0.5234375 0.3734375 0.0375 0.00703125
1 0.45 0.3734375 0.03671875 0.00703125
1 0.3625 0.3734375 0.071875 0.00625
1 0.32109375 0.403125 0.00546875 0.04609375
1 0.35 0.43125 0.0390625 0.00859375
1 0.2703125 0.55 0.0375 0.00703125
1 0.23203125 0.5796875 0.00625 0.04609375
1 0.1015625 0.353125 0.01015625 0.05234375
1 0.83359375 0.378125 0.0109375 0.05078125
8 0.83359375 0.4265625 0.01328125 0.04921875
8 0.8671875 0.54765625 0.00859375 0.0953125
6 0.6515625 0.3515625 0.1671875 0.05546875