0 0.72734375 0.2703125 0.08046875 0.01171875
0 0.72890625 0.340625 0.08515625 0.0109375
0 0.6875 0.46015625 0.01015625 0.09375
0 0.5921875 0.403125 0.0125 0.04765625
0 0.515625 0.371875 0.0109375 0.05546875
0 0.4359375 0.35 0.0265625 0.0109375
0 0.428125 0.478125 0.0109375 0.06171875
0 0.409375 0.3828125 0.00859375 0.06484375
0 0.3359375 0.4375 0.04765625 0.01015625
0 0.3359375 0.5453125 0.0765625 0.01328125
0 0.39609375 0.56484375 0.01015625 0.0515625
0 0.515625 0.559375 0.00859375 0.04140625
0 0.51484375 0.65390625 0.00859375 0.0546875
0 0.39609375 0.671875 0.0078125 0.0625
0 0.346875 0.69609375 0.046875 0.0140625
0 0.690625 0.6765625 0.01796875 0.08515625
0 0.5953125 0.678125 0.01015625 0.10703125
0 0.59375 0.5671875 0.0109375 0.06015625
0 0.80703125 0.7046875 0.02578125 0.01953125
1 0.7875 0.459375 0.0265625 0.0078125
1 0.76796875 0.434375 0.00546875 0.02265625
1 0.6578125 0.4203125 0.02421875 0.00546875
1 0.65859375 0.503125 0.025 0.00546875
1 0.58125 0.503125 0.01875 0.00703125
1 0.53046875 0.5421875 0.02734375 0.00703125
1 0.5171875 0.4625 0.0046875 0.0265625
1 0.5046875 0.50234375 0.025 0.00625
1 0.49609375 0.5421875 0.02265625 0.00546875
1 0.58046875 0.41953125 0.0171875 0.00625
1 0.68671875 0.40390625 0.00390625 0.0234375
1 0.75859375 0.3765625 0.015625 0.00625
1 0.47265625 0.5234375 0.0046875 0.03046875
1 0.38125 0.5421875 0.0171875 0.00546875
1 0.39453125 0.61875 0.00546875 0.02421875
1 0.3609375 0.64375 0.01875 0.00546875
8 0.75546875 0.6984375 0.07578125 0.00546875
4 0.7203125 0.5046875 0.0625 0.00703125
8 0.3265625 0.6171875 0.00546875 0.02578125
8 0.31484375 0.490625 0.01015625 0.07265625