0 0.91171875 0.25859375 0.0203125 0.01484375
0 0.915625 0.4921875 0.0109375 0.03125
0 0.9109375 0.74921875 0.0203125 0.01484375
0 0.8328125 0.74921875 0.01953125 0.01484375
0 0.62890625 0.75 0.0203125 0.01484375
0 0.434375 0.75 0.0328125 0.01484375
0 0.22265625 0.75 0.0328125 0.01484375
0 0.2125 0.4921875 0.01171875 0.046875
0 0.22265625 0.25859375 0.0328125 0.01484375
0 0.434375 0.25859375 0.0328125 0.01484375
0 0.62890625 0.25859375 0.0203125 0.01484375
0 0.62890625 0.4921875 0.01953125 0.01484375
0 0.8328125 0.4921875 0.0203125 0.01484375
0 0.8328125 0.25859375 0.0203125 0.01484375
8 0.63359375 0.7125 0.01328125 0.065625
1 0.2484375 0.678125 0.0875 0.11875
1 0.66171875 0.6328125 0.04921875 0.053125
1 0.7734375 0.55390625 0.08046875 0.11484375
6 0.53671875 0.37734375 0.18828125 0.23203125