0 0.678125 0.1890625 0.0375 0.01015625
0 0.7953125 0.34296875 0.0359375 0.009375
0 0.7953125 0.578125 0.0359375 0.009375
0 0.7953125 0.82734375 0.0359375 0.009375
0 0.46640625 0.88828125 0.02578125 0.009375
0 0.59453125 0.81484375 0.01015625 0.03359375
0 0.4125 0.68359375 0.0359375 0.009375
0 0.4953125 0.5671875 0.01015625 0.03359375
0 0.22890625 0.57890625 0.0359375 0.009375
0 0.22890625 0.4109375 0.0359375 0.009375
0 0.4953125 0.26328125 0.01015625 0.03359375
0 0.22890625 0.25078125 0.0359375 0.009375
0 0.22890625 0.06796875 0.0359375 0.009375
0 0.48203125 0.06796875 0.0359375 0.009375
8 0.59296875 0.1890625 0.1171875 0.009375
8 0.3921875 0.06796875 0.11640625 0.009375
8 0.690625 0.271875 0.01015625 0.1109375
8 0.80859375 0.78984375 0.009375 0.06640625
8 0.5015625 0.88828125 0.04453125 0.00859375
8 0.4 0.63125 0.01015625 0.0671875
8 0.3546875 0.57890625 0.0703125 0.009375
8 0.21640625 0.509375 0.01015625 0.05078125
8 0.309375 0.33203125 0.01015625 0.05
1 0.46953125 0.22109375 0.06171875 0.05
1 0.44609375 0.27109375 0.04453125 0.05078125
1 0.3984375 0.32421875 0.05390625 0.04140625
1 0.28828125 0.5046875 0.05234375 0.04140625
1 0.46484375 0.55390625 0.0515625 0.05859375
1 0.621875 0.6078125 0.0640625 0.05
1 0.50390625 0.78125 0.04375 0.05
1 0.57265625 0.7359375 0.053125 0.0421875
5 0.70078125 0.82734375 0.10703125 0.009375