0 0.85703125 0.221875 0.0171875 0.0078125
0 0.86328125 0.946875 0.0046875 0.0171875
0 0.14140625 0.83125 0.00625 0.0171875
0 0.1484375 0.0734375 0.01875 0.0078125
8 0.14140625 0.21171875 0.0046875 0.0984375
8 0.14140625 0.44453125 0.00625 0.096875
8 0.14140625 0.70625 0.00625 0.0984375
8 0.21875 0.83671875 0.0625 0.00625
8 0.465625 0.91484375 0.025 0.00625
8 0.603125 0.953125 0.0625 0.00625
8 0.7 0.953125 0.03125 0.00625
8 0.7984375 0.953125 0.0625 0.00625
1 0.38671875 0.2375 0.034375 0.0375
1 0.42421875 0.53984375 0.034375 0.05
1 0.72734375 0.66796875 0.0390625 0.053125
1 0.62890625 0.64140625 0.0359375 0.040625
1 0.6890625 0.7234375 0.034375 0.0375
1 0.64453125 0.7234375 0.034375 0.0375
1 0.5015625 0.665625 0.0375 0.046875
6 0.4859375 0.8125 0.1015625 0.2
1 0.5140625 0.89453125 0.040625 0.0453125
6 0.2942185515625 0.9119047625000001 0.4273203 0.9116841265625 0.42744736562499996 0.6230952375000001 0.3764943796875 0.6229365078125 0.37604828437500004 0.83095238125 0.2942185515625 0.8311111109375 0.2942185515625 0.9119047625000001
1 0.3171875 0.8953125 0.040625 0.04375
5 0.5796875 0.75390625 0.078125 0.00625
5 0.37734375 0.5734375 0.059375 0.00625