0 0.7421875 0.15703125 0.01171875 0.07890625
0 0.7421875 0.85625 0.0125 0.0796875
0 0.51875 0.85625 0.0125 0.07890625
0 0.26171875 0.85546875 0.01171875 0.078125
0 0.25625 0.4671875 0.04140625 0.01953125
0 0.159375 0.15703125 0.0125 0.0796875
0 0.34609375 0.15703125 0.0125 0.0796875
0 0.51875 0.15703125 0.0125 0.0796875
0 0.61015625 0.49765625 0.0125 0.08046875
8 0.246875 0.13125 0.09140625 0.02734375
8 0.4328125 0.13046875 0.0921875 0.02734375
8 0.66953125 0.13046875 0.09140625 0.02734375
8 0.321875 0.88203125 0.09140625 0.02734375
8 0.45859375 0.88203125 0.090625 0.0265625
1 0.325 0.41953125 0.053125 0.0796875
1 0.49296875 0.3328125 0.04140625 0.09296875
1 0.5453125 0.33359375 0.04140625 0.09375
1 0.715625 0.33203125 0.04140625 0.09140625
1 0.63046875 0.41796875 0.05234375 0.07734375
1 0.5421875 0.58984375 0.034375 0.07890625
1 0.6859375 0.5546875 0.04140625 0.0921875
2 0.27734375 0.67265625 0.04375 0.1234375
6 0.6375 0.6890625 0.04296875 0.3609375