0 0.72421875 0.81875 0.0046875 0.0234375
0 0.10859375 0.81640625 0.00625 0.028125
0 0.10859375 0.1171875 0.00625 0.0375
0 0.9484375 0.1140625 0.0046875 0.0296875
8 0.678125 0.82734375 0.0359375 0.00625
8 0.59296875 0.82734375 0.034375 0.00625
5 0.54609375 0.7671875 0.00625 0.0875
8 0.44296875 0.82734375 0.034375 0.00625
8 0.10859375 0.72890625 0.00625 0.109375
8 0.428125 0.1015625 0.06875 0.00625
8 0.9484375 0.3 0.0046875 0.053125
8 0.9484375 0.24375 0.0046875 0.053125
8 0.9484375 0.18671875 0.0046875 0.053125
8 0.90625 0.3859375 0.05 0.00625
8 0.72421875 0.55703125 0.0046875 0.0453125
8 0.72421875 0.4953125 0.0046875 0.06875
8 0.72421875 0.434375 0.0046875 0.046875
8 0.72421875 0.7171875 0.0046875 0.1109375
6 0.24743750000000003 0.591328125 0.273125 0.591328125 0.273125 0.629609375 0.4061875 0.629609375 0.4061875 0.550859375 0.2475 0.550859375 0.24743750000000003 0.591328125
5 0.18046875 0.6328125 0.0875 0.00625
1 0.76953125 0.41328125 0.05625 0.0609375
1 0.51953125 0.6765625 0.0328125 0.046875
1 0.4765625 0.734375 0.0421875 0.046875
1 0.40234375 0.74296875 0.0328125 0.05
1 0.36484375 0.73828125 0.021875 0.040625
1 0.3265625 0.84140625 0.04375 0.0359375
1 0.17578125 0.540625 0.0453125 0.034375
1 0.33828125 0.6765625 0.03125 0.046875
1 0.12734375 0.4953125 0.04375 0.0640625
1 0.1859375 0.16796875 0.03125 0.04375
1 0.27109375 0.22265625 0.046875 0.0515625
1 0.27109375 0.12421875 0.046875 0.0515625
1 0.3756696890625 0.38255721875000004 0.39598442500000003 0.34220602968749997 0.3467281453125 0.341684246875 0.3426930265625 0.34742385625 0.3756696890625 0.38255721875000004