0 0.97265625 0.8421875 0.01875 0.00625
0 0.10546875 0.8328125 0.0125 0.0234375
0 0.06484375 0.1953125 0.028125 0.00625
0 0.9734375 0.4390625 0.01875 0.00625
8 0.878125 0.8421875 0.0890625 0.00625
8 0.69375 0.8421875 0.0875 0.00625
8 0.52421875 0.8421875 0.0875 0.00625
8 0.0546875 0.2984375 0.00625 0.084375
8 0.34609375 0.1953125 0.0890625 0.00625
8 0.6125 0.39296875 0.00625 0.0875
8 0.6125 0.2734375 0.0078125 0.084375
5 0.7203125 0.4859375 0.00625 0.084375
8 0.6921875 0.440625 0.0359375 0.0078125
8 0.9796875 0.46796875 0.009375 0.034375
5 0.503125 0.64140625 0.0828125 0.00625
5 0.70859375 0.64140625 0.071875 0.00625
1 0.959375 0.63984375 0.046875 0.040625
1 0.91640625 0.596875 0.0390625 0.03125
1 0.91484375 0.48359375 0.04375 0.0296875
1 0.81328125 0.51953125 0.0390625 0.03125
1 0.759375 0.56796875 0.0484375 0.04375
1 0.640625 0.615625 0.04375 0.0328125
1 0.64375 0.51953125 0.04375 0.03125
1 0.5796875 0.61640625 0.04375 0.03125
1 0.51015625 0.5734375 0.0515625 0.046875
1 0.4625 0.571875 0.05 0.0453125
1 0.21015625 0.45390625 0.05625 0.0515625