0 0.8796875 0.059375 0.0203125 0.0078125
0 0.88671875 0.91484375 0.00625 0.025
0 0.48515625 0.91015625 0.009375 0.034375
0 0.10390625 0.8359375 0.00625 0.0265625
0 0.11015625 0.27734375 0.01875 0.0078125
0 0.4078125 0.0609375 0.021875 0.00625
1 0.80234375 0.19296875 0.0515625 0.05625
1 0.759375 0.159375 0.0375 0.053125
8 0.88671875 0.1 0.00625 0.05
8 0.84453125 0.059375 0.05 0.0078125
8 0.44296875 0.8453125 0.0515625 0.0078125
8 0.16640625 0.8453125 0.1015625 0.0078125
8 0.1046875 0.72890625 0.00625 0.05
8 0.1046875 0.38046875 0.00625 0.1
8 0.20546875 0.27734375 0.103125 0.0078125
8 0.4 0.17265625 0.00625 0.1
8 0.52734375 0.06171875 0.096875 0.0078125
8 0.71015625 0.059375 0.1015625 0.0078125
1 0.51796875 0.40625 0.053125 0.059375
1 0.58515625 0.47265625 0.0359375 0.05
1 0.5234375 0.490625 0.0515625 0.059375
1 0.446875 0.49140625 0.05 0.0546875
1 0.3109375 0.81328125 0.065625 0.071875
6 0.40259165625 0.5182464453125 0.40272187031250006 0.7756714062500001 0.396906446875 0.7757503953125 0.3766750953125 0.7756714062500001 0.37673830625 0.8411532390625001 0.4804070796875 0.8412322281250001 0.4804045515625 0.5182464453125 0.40259165625 0.5182464453125