0 0.8875 0.18203125 0.021875 0.0125
0 0.9171875 0.82109375 0.03125 0.009375
0 0.15078125 0.7671875 0.0296875 0.009375
0 0.09296875 0.18203125 0.0328125 0.0125
8 0.8953125 0.27421875 0.00625 0.0546875
8 0.8953125 0.35625 0.00625 0.0546875
8 0.9296875 0.59296875 0.00625 0.0546875
8 0.9296875 0.6734375 0.00625 0.0546875
8 0.1390625 0.62265625 0.00625 0.1375
8 0.0796875 0.325 0.00625 0.1375
8 0.83984375 0.18203125 0.053125 0.0125
8 0.65390625 0.18203125 0.06875 0.0125
8 0.72734375 0.23671875 0.00625 0.0875
8 0.72734375 0.30390625 0.00625 0.034375
8 0.72734375 0.3375 0.00625 0.01875
6 0.5304320203125 0.188174603125 0.530495553125 0.3557142859375 0.5812579421875 0.3557142859375 0.581194409375 0.2793650796875 0.724278271875 0.2793650796875 0.7241512078125 0.1880873015625 0.5304320203125 0.188174603125
8 0.65625 0.28359375 0.1375 0.0078125
8 0.584375 0.30390625 0.00625 0.034375
8 0.584375 0.3375 0.00625 0.01875
8 0.65625 0.325 0.1375 0.0078125
1 0.44453125 0.23203125 0.046875 0.065625
1 0.3921875 0.33046875 0.046875 0.05
1 0.253125 0.41171875 0.05 0.06875
1 0.3046875 0.490625 0.04375 0.0484375
1 0.425 0.57890625 0.046875 0.065625
1 0.6796875 0.4765625 0.04375 0.0484375
1 0.61328125 0.66953125 0.04375 0.0484375
5 0.27421875 0.26640625 0.00625 0.1375
5 0.33515625 0.6484375 0.00625 0.1625