1 0.2796875 0.47421875 0.065625 0.0421875
1 0.27109375 0.53828125 0.0828125 0.05625
1 0.5484375 0.6234375 0.065625 0.0703125
1 0.62109375 0.53828125 0.0828125 0.05625
1 0.62109375 0.4671875 0.0828125 0.05625
0 0.071875 0.8359375 0.0171875 0.0296875
0 0.0859375 0.8421875 0.0109375 0.015625
0 0.30390625 0.8359375 0.0171875 0.0296875
0 0.5890625 0.8359375 0.0171875 0.0296875
0 0.94140625 0.8359375 0.01875 0.0296875
0 0.94140625 0.49609375 0.01875 0.028125
0 0.94140625 0.128125 0.0171875 0.028125
0 0.92734375 0.121875 0.0109375 0.015625
0 0.5890625 0.128125 0.01875 0.028125
0 0.071875 0.128125 0.0171875 0.028125
0 0.071875 0.49609375 0.0171875 0.028125
0 0.29609375 0.503125 0.0328125 0.015625
0 0.596875 0.503125 0.034375 0.015625
8 0.94140625 0.67265625 0.01875 0.140625
8 0.765625 0.8421875 0.1625 0.015625
8 0.446875 0.8421875 0.1625 0.015625
8 0.18828125 0.8421875 0.1625 0.015625
8 0.071875 0.62578125 0.0171875 0.140625
8 0.21484375 0.121875 0.1625 0.015625
8 0.44609375 0.121875 0.1625 0.015625
8 0.765625 0.121875 0.1625 0.015625
8 0.94140625 0.3125 0.0171875 0.140625
8 0.071875 0.42421875 0.0171875 0.04375
8 0.071875 0.20546875 0.0171875 0.1265625