0 0.1578125 0.25390625 0.021875 0.0296875
0 0.1578125 0.46328125 0.021875 0.0296875
0 0.1578125 0.74375 0.021875 0.0296875
0 0.33046875 0.1625 0.015625 0.0375
0 0.56328125 0.1625 0.015625 0.0375
0 0.45546875 0.75 0.021875 0.0296875
0 0.45859375 0.93515625 0.021875 0.028125
0 0.715625 0.93515625 0.0203125 0.028125
0 0.8328125 0.775 0.021875 0.028125
0 0.8328125 0.4390625 0.021875 0.028125
0 0.8328125 0.25546875 0.021875 0.0296875
2 0.228125 0.73203125 0.065625 0.0515625
2 0.36953125 0.73203125 0.065625 0.0515625
2 0.47578125 0.85078125 0.05625 0.0734375
2 0.509375 0.9234375 0.065625 0.0515625
2 0.6453125 0.9234375 0.065625 0.0515625
2 0.7015625 0.8578125 0.05 0.0609375
2 0.78125 0.7625 0.0671875 0.0515625
2 0.81484375 0.66875 0.05625 0.0734375
2 0.171875 0.34453125 0.05 0.0609375
1 0.26171875 0.41171875 0.053125 0.0453125
1 0.3078125 0.40078125 0.0421875 0.040625
1 0.2625 0.503125 0.0515625 0.0515625
1 0.30703125 0.54921875 0.040625 0.04375
1 0.35078125 0.54921875 0.040625 0.04375
1 0.4375 0.503125 0.05625 0.0515625
1 0.5359375 0.40546875 0.0625 0.05
1 0.6109375 0.4078125 0.0515625 0.0453125
1 0.65625 0.36328125 0.0421875 0.0453125
1 0.7015625 0.40703125 0.0515625 0.0453125
1 0.7625 0.49921875 0.075 0.0546875
2 0.81796875 0.3484375 0.05 0.0609375
8 0.309375 0.2515625 0.028125 0.021875
8 0.446875 0.1515625 0.175 0.0140625
8 0.584375 0.253125 0.028125 0.021875
8 0.64921875 0.253125 0.028125 0.021875
8 0.15546875 0.5015625 0.0171875 0.0390625