0 0.29609375 0.2421875 0.0328125 0.06015625
0 0.76171875 0.2328125 0.05078125 0.04375
0 0.765625 0.421875 0.034375 0.0625
0 0.7609375 0.7390625 0.05078125 0.0421875
0 0.2953125 0.7390625 0.03359375 0.06171875
6 0.6515625 0.221875 0.1140625 0.02265625
8 0.50625 0.22421875 0.05703125 0.01875
8 0.36875 0.2234375 0.05703125 0.01640625
1 0.5484375 0.43671875 0.04609375 0.0109375
1 0.4859375 0.43828125 0.05 0.0109375
1 0.3640625 0.4703125 0.04765625 0.0109375
1 0.42265625 0.57265625 0.04296875 0.0109375
1 0.39296875 0.64375 0.00859375 0.05703125
1 0.42421875 0.72890625 0.0484375 0.0125
1 0.61640625 0.6921875 0.0328125 0.0125
1 0.5625 0.671875 0.04765625 0.009375
1 0.5046875 0.671875 0.04609375 0.01171875