0 0.20703125 0.13515625 0.0140625 0.0265625
0 0.38046875 0.13046875 0.0203125 0.015625
0 0.5296875 0.13125 0.0203125 0.01875
0 0.60625 0.13046875 0.0203125 0.0171875
0 0.765625 0.13046875 0.02109375 0.0171875
0 0.76640625 0.3265625 0.02265625 0.01875
1 0.8015625 0.3578125 0.0078125 0.0484375
8 0.803125 0.4359375 0.01015625 0.07578125
0 0.765625 0.490625 0.021875 0.01640625
1 0.7171875 0.57578125 0.0390625 0.009375
0 0.765625 0.5796875 0.02109375 0.0171875
7 0.803125 0.534375 0.01015625 0.03984375
8 0.803125 0.6578125 0.009375 0.09609375
8 0.71796875 0.778125 0.0765625 0.01328125
0 0.64296875 0.73203125 0.01328125 0.0265625
0 0.5625 0.73203125 0.01328125 0.0265625
1 0.59921875 0.68515625 0.06171875 0.0109375
1 0.67265625 0.578125 0.04765625 0.0109375
0 0.64296875 0.584375 0.0140625 0.03125
0 0.60703125 0.48984375 0.02109375 0.0171875
1 0.6 0.4484375 0.00703125 0.065625
1 0.5359375 0.2984375 0.00703125 0.059375
1 0.57890625 0.259375 0.0390625 0.00546875
4 0.5671875 0.33125 0.0609375 0.01015625
0 0.60859375 0.3265625 0.02421875 0.01796875
4 0.70078125 0.3296875 0.0625 0.0109375
0 0.375 0.396875 0.021875 0.01796875
0 0.37890625 0.3265625 0.01953125 0.01796875
1 0.346875 0.31796875 0.046875 0.0140625
7 0.56796875 0.13046875 0.03359375 0.0203125
8 0.4546875 0.1296875 0.0953125 0.0203125
8 0.2921875 0.1296875 0.078125 0.01953125
8 0.20703125 0.234375 0.01484375 0.078125
1 0.3 0.3296875 0.040625 0.01015625
0 0.2109375 0.32578125 0.021875 0.01875
7 0.20625 0.3515625 0.0140625 0.04609375
0 0.2078125 0.3921875 0.01328125 0.02890625
8 0.38203125 0.54375 0.01171875 0.06015625
0 0.375 0.5796875 0.021875 0.02109375
1 0.38046875 0.615625 0.01015625 0.0625
1 0.42578125 0.646875 0.0375 0.0109375
0 0.44609375 0.584375 0.0140625 0.03359375
0 0.4453125 0.73125 0.015625 0.03046875
0 0.37890625 0.7328125 0.01640625 0.02578125
8 0.50390625 0.7984375 0.0921875 0.02109375
7 0.4109375 0.778125 0.03359375 0.01015625
8 0.353125 0.778125 0.04140625 0.0140625
8 0.23046875 0.778125 0.03984375 0.015625
8 0.20703125 0.6453125 0.01640625 0.09765625
0 0.2109375 0.5796875 0.0234375 0.01953125
0 0.20625 0.7328125 0.0140625 0.02734375
6 0.5046875 0.6421875 0.11015625 0.15234375
6 0.6015625 0.765625 0.07421875 0.03515625