0 0.87109375 0.84765625 0.009375 0.05
0 0.87109375 0.625 0.009375 0.05
0 0.87109375 0.41328125 0.009375 0.05
0 0.559375 0.184375 0.009375 0.05
0 0.46640625 0.13515625 0.009375 0.05
0 0.1890625 0.13515625 0.009375 0.05
0 0.1890625 0.5421875 0.009375 0.05
0 0.1890625 0.90234375 0.0109375 0.05
0 0.55859375 0.8890625 0.009375 0.05
0 0.4453125 0.703125 0.053125 0.009375
0 0.58046875 0.6046875 0.053125 0.0078125
0 0.559375 0.41328125 0.009375 0.05
8 0.11953125 0.45625 0.0125 0.053125
8 0.1890625 0.34375 0.0109375 0.053125
8 0.32734375 0.11484375 0.115625 0.009375
8 0.63203125 0.23828125 0.115625 0.009375
8 0.796875 0.2390625 0.115625 0.009375
8 0.87109375 0.30859375 0.009375 0.1109375
8 0.87109375 0.534375 0.009375 0.109375
8 0.87109375 0.73671875 0.009375 0.1109375
8 0.7078125 0.86875 0.115625 0.009375
8 0.47734375 0.9234375 0.053125 0.009375
8 0.35390625 0.9234375 0.053125 0.009375
8 0.24921875 0.9234375 0.053125 0.009375
8 0.18984375 0.61953125 0.0109375 0.1046875
1 0.371875 0.82578125 0.0609375 0.05
1 0.21953125 0.72734375 0.053125 0.059375
1 0.5328125 0.834375 0.0625 0.05
1 0.440625 0.5515625 0.0625 0.05
1 0.296875 0.32109375 0.053125 0.0421875
1 0.58515625 0.63359375 0.0625 0.05
1 0.58515625 0.57578125 0.0625 0.05
1 0.4453125 0.32109375 0.053125 0.040625
1 0.440625 0.2671875 0.0609375 0.05
1 0.5125 0.1890625 0.053125 0.0578125
1 0.58515625 0.27265625 0.0609375 0.05