0 0.8390625 0.28359375 0.0265625 0.053125
0 0.6171875 0.2171875 0.021875 0.053125
0 0.365625 0.2171875 0.0203125 0.053125
0 0.1421875 0.28203125 0.0265625 0.053125
0 0.1421875 0.7171875 0.025 0.0546875
0 0.36640625 0.7171875 0.0203125 0.053125
0 0.6171875 0.71796875 0.021875 0.0546875
0 0.8390625 0.71796875 0.0265625 0.053125
1 0.7203125 0.4796875 0.053125 0.05
1 0.65234375 0.56484375 0.05 0.059375
1 0.54453125 0.56484375 0.05 0.059375
1 0.6515625 0.38125 0.05 0.059375
1 0.5453125 0.31875 0.05 0.059375
1 0.33125 0.56484375 0.05 0.059375
1 0.2625 0.44296875 0.0546875 0.0515625
1 0.33125 0.38125 0.05 0.059375
1 0.49140625 0.23125 0.1 0.0796875
8 0.1421875 0.47421875 0.025 0.053125
8 0.24453125 0.26875 0.1125 0.0265625
8 0.25546875 0.73125 0.1125 0.028125
8 0.49140625 0.73046875 0.1125 0.028125
8 0.8390625 0.6296875 0.025 0.11875
8 0.8390625 0.47421875 0.0265625 0.053125
8 0.7375 0.27109375 0.1125 0.0265625