0 0.11171875 0.16171875 0.025 0.015625
0 0.22578125 0.16484375 0.01875 0.021875
0 0.37109375 0.16484375 0.01875 0.021875
0 0.46328125 0.16484375 0.01875 0.021875
0 0.609375 0.16484375 0.01875 0.021875
0 0.86484375 0.16484375 0.01875 0.021875
0 0.609375 0.475 0.01875 0.021875
0 0.3703125 0.475 0.01875 0.021875
0 0.22265625 0.4703125 0.0140625 0.03125
0 0.11640625 0.57421875 0.034375 0.021875
0 0.865625 0.76796875 0.0203125 0.0203125
0 0.72109375 0.76796875 0.01875 0.0203125
0 0.609375 0.76796875 0.01875 0.0203125
0 0.421875 0.76796875 0.01875 0.0203125
0 0.22734375 0.76796875 0.01875 0.0203125
0 0.1078125 0.76796875 0.0203125 0.0203125
6 0.4171875 0.275 0.0734375 0.2015625
5 0.61484375 0.290625 0.0078125 0.1578125
8 0.2203125 0.3203125 0.0078125 0.1921875
1 0.14375 0.52265625 0.0578125 0.0828125
1 0.34296875 0.446875 0.0359375 0.078125
1 0.390625 0.49453125 0.025 0.0578125
1 0.48359375 0.44609375 0.0375 0.078125
1 0.59765625 0.5140625 0.0421875 0.0578125
1 0.73203125 0.55703125 0.040625 0.0546875
1 0.73515625 0.62734375 0.046875 0.065625
1 0.44609375 0.61328125 0.0421875 0.059375