0 0.390625 0.28515625 0.021875 0.028125
0 0.28828125 0.1203125 0.021875 0.00625
0 0.575 0.12109375 0.021875 0.00625
0 0.2890625 0.59921875 0.021875 0.0109375
0 0.3890625 0.61484375 0.01875 0.040625
0 0.7609375 0.82265625 0.021875 0.034375
0 0.390625 0.82265625 0.021875 0.034375
0 0.7609375 0.28515625 0.021875 0.028125
8 0.459375 0.284375 0.06875 0.0328125
8 0.38828125 0.3984375 0.021875 0.1453125
8 0.3890625 0.7125 0.021875 0.146875
8 0.82109375 0.78203125 0.015625 0.0546875
8 0.8453125 0.6609375 0.0375 0.021875
8 0.79296875 0.6609375 0.0265625 0.021875
8 0.64140625 0.70859375 0.009375 0.053125
8 0.6046875 0.284375 0.03125 0.034375
8 0.73203125 0.284375 0.0375 0.03125
8 0.55859375 0.39609375 0.015625 0.075
8 0.7625 0.32890625 0.021875 0.0546875
8 0.76328125 0.4015625 0.021875 0.05625
8 0.76328125 0.5578125 0.021875 0.046875
1 0.66796875 0.4453125 0.0375 0.075
1 0.6046875 0.553125 0.034375 0.06875
1 0.6703125 0.55234375 0.034375 0.06875
1 0.68359375 0.6265625 0.021875 0.040625
1 0.78515625 0.70703125 0.03125 0.05625
1 0.840625 0.70859375 0.0296875 0.05625
1 0.703125 0.49921875 0.025 0.05
6 0.90546875 0.69296875 0.071875 0.084375
6 0.60078125 0.73125 0.06875 0.15
6 0.26171875 0.39609375 0.0421875 0.0734375