0 0.8796875 0.11875 0.03125 0.0125
0 0.909375 0.38984375 0.03125 0.0125
0 0.909375 0.68515625 0.03125 0.009375
0 0.65703125 0.66640625 0.00625 0.046875
0 0.54921875 0.86171875 0.0328125 0.0125
0 0.1953125 0.86171875 0.03125 0.0125
0 0.69140625 0.11875 0.0328125 0.0125
8 0.89296875 0.25390625 0.00625 0.134375
8 0.84453125 0.54453125 0.009375 0.0875
8 0.27109375 0.575 0.0078125 0.090625
8 0.27109375 0.3875 0.0078125 0.0875
1 0.81796875 0.45 0.0625 0.075
1 0.63828125 0.19296875 0.040625 0.065625
1 0.51953125 0.1703125 0.0484375 0.0609375
1 0.2953125 0.2171875 0.05625 0.0671875
1 0.66484375 0.309375 0.04375 0.065625
6 0.17109375 0.21015625 0.1921875 0.13125
0 0.28359375 0.11875 0.03125 0.0125
6 0.40703125 0.21875 0.2625 0.1875