1 0.36640625 0.3546875 0.075 0.071875
1 0.49296875 0.64921875 0.05625 0.05625
0 0.4546875 0.5796875 0.0109375 0.03125
1 0.57109375 0.61171875 0.05625 0.05
1 0.57109375 0.696875 0.05625 0.040625
1 0.7046875 0.61171875 0.046875 0.0484375
1 0.49921875 0.7875 0.05625 0.05625
1 0.403125 0.90234375 0.075 0.071875
0 0.32421875 0.0578125 0.009375 0.0328125
0 0.32421875 0.37421875 0.0109375 0.0328125
0 0.109375 0.39765625 0.009375 0.0328125
0 0.109375 0.5796875 0.009375 0.03125
0 0.809375 0.921875 0.009375 0.0328125
0 0.4546875 0.846875 0.009375 0.0328125
0 0.109375 0.921875 0.009375 0.0328125
0 0.125 0.934375 0.021875 0.009375
0 0.809375 0.5796875 0.009375 0.03125
0 0.809375 0.37421875 0.009375 0.0328125
0 0.809375 0.0578125 0.009375 0.0328125
0 0.79375 0.04609375 0.021875 0.009375
6 0.63782258125 0.80286113125 0.6379838703125 0.8628401953125 0.491935484375 0.8628750875 0.491935484375 0.9295184921875 0.8042571265625 0.9295283390625 0.8043548390625 0.8028960218750001 0.63782258125 0.80286113125