0 0.1234375 0.06484375 0.0203125 0.0078125
0 0.11640625 0.9109375 0.00625 0.025
0 0.51328125 0.90625 0.0109375 0.034375
0 0.88984375 0.83359375 0.00625 0.0265625
0 0.884375 0.28046875 0.01875 0.0078125
0 0.58984375 0.0671875 0.021875 0.00625
1 0.2 0.196875 0.0515625 0.05625
1 0.24296875 0.16328125 0.0375 0.053125
8 0.11640625 0.10546875 0.00625 0.05
8 0.15859375 0.06484375 0.0515625 0.0078125
8 0.55546875 0.8421875 0.0515625 0.0078125
8 0.828125 0.8421875 0.1015625 0.0078125
8 0.88984375 0.72734375 0.00625 0.05
8 0.88984375 0.3828125 0.00625 0.1
8 0.78984375 0.28046875 0.1015625 0.0078125
8 0.59765625 0.1765625 0.00625 0.1
8 0.471875 0.0671875 0.096875 0.0078125
8 0.290625 0.06484375 0.1015625 0.0078125
1 0.48125 0.4078125 0.053125 0.0578125
1 0.4140625 0.47421875 0.0359375 0.05
1 0.47578125 0.49140625 0.0515625 0.0578125
1 0.5515625 0.4921875 0.05 0.0546875
1 0.6859375 0.81015625 0.065625 0.071875
6 0.5950624999999999 0.518828125 0.5181250000000001 0.518828125 0.5181225 0.83828125 0.620625 0.838203125 0.6206875000000001 0.7734375 0.60068375 0.773515625 0.59493375 0.7734375 0.5950624999999999 0.518828125