8 0.2125 0.12265625 0.084375 0.0171875
0 0.27734375 0.12265625 0.0296875 0.0171875
0 0.6609375 0.05234375 0.028125 0.0140625
0 0.84765625 0.571875 0.0234375 0.009375
0 0.109375 0.7765625 0.01875 0.009375
8 0.103125 0.465625 0.0078125 0.1375
8 0.171875 0.85625 0.0453125 0.0171875
6 0.4796875 0.67578125 0.10625 0.378125
8 0.78671875 0.85625 0.04375 0.0171875
1 0.30390625 0.69296875 0.040625 0.0578125
1 0.434375 0.1625 0.0390625 0.05625
8 0.85625 0.465625 0.0078125 0.1375
8 0.7453125 0.12265625 0.0828125 0.0171875
1 0.5234375 0.1625 0.0421875 0.05625
8 0.4484375 0.05234375 0.0265625 0.0140625
1 0.2625 0.3390625 0.0453125 0.05
1 0.26328125 0.590625 0.04375 0.046875
1 0.3078125 0.5875 0.0359375 0.040625
1 0.38359375 0.540625 0.0390625 0.05625
1 0.45078125 0.45859375 0.0515625 0.05625
1 0.5078125 0.45859375 0.0515625 0.05625
1 0.69609375 0.33984375 0.04375 0.05
1 0.57421875 0.540625 0.040625 0.05625
1 0.65078125 0.5875 0.0359375 0.040625
1 0.6953125 0.590625 0.0421875 0.046875
1 0.65390625 0.69296875 0.04375 0.0578125
8 0.3671875 0.68515625 0.0046875 0.0421875
8 0.3671875 0.6375 0.0046875 0.0421875
8 0.5921875 0.6375 0.0046875 0.0421875
8 0.5921875 0.68515625 0.0046875 0.0421875