0 0.259375 0.2109375 0.0328125 0.01875
0 0.70625 0.2109375 0.0328125 0.01875
0 0.24453125 0.5703125 0.0328125 0.021875
0 0.075 0.5703125 0.034375 0.021875
0 0.07421875 0.76875 0.034375 0.01875
0 0.25078125 0.8625 0.0328125 0.021875
0 0.4390625 0.8625 0.034375 0.0203125
0 0.60625 0.9125 0.0328125 0.0125
0 0.8484375 0.9125 0.0328125 0.0125
0 0.8484375 0.63515625 0.0328125 0.0125
0 0.72265625 0.634375 0.0328125 0.0125
8 0.43671875 0.2109375 0.0328125 0.01875
8 0.3140625 0.2109375 0.0328125 0.01875
8 0.2515625 0.40078125 0.01875 0.06875
8 0.3453125 0.8625 0.065625 0.0203125
8 0.7265625 0.9125 0.184375 0.0125
8 0.85859375 0.74609375 0.0125 0.03125
8 0.71484375 0.609375 0.015625 0.028125
8 0.71484375 0.51796875 0.015625 0.05625
8 0.71484375 0.409375 0.015625 0.028125
8 0.71484375 0.28984375 0.015625 0.053125
1 0.4828125 0.2921875 0.0421875 0.059375
1 0.4453125 0.3703125 0.03125 0.034375
1 0.31015625 0.2921875 0.040625 0.0609375
1 0.51875 0.34296875 0.0328125 0.04375
1 0.48125 0.46328125 0.04375 0.059375
1 0.51875 0.42734375 0.03125 0.040625
1 0.51875 0.47109375 0.03125 0.040625
1 0.51875 0.66875 0.0328125 0.0390625
1 0.565625 0.7484375 0.028125 0.05625
1 0.61953125 0.71953125 0.04375 0.0671875
1 0.48203125 0.73984375 0.04375 0.0734375
1 0.25546875 0.8 0.04375 0.0375
2 0.0796875 0.6796875 0.0453125 0.071875
2 0.14921875 0.75078125 0.053125 0.053125