0 0.86875 0.17734375 0.01875 0.0078125
0 0.90078125 0.43125 0.0234375 0.015625
0 0.76171875 0.4296875 0.0125 0.01875
0 0.7625 0.27734375 0.0125 0.01875
0 0.83984375 0.8578125 0.028125 0.0125
0 0.08671875 0.75234375 0.0265625 0.0125
0 0.08046875 0.17734375 0.015625 0.0078125
8 0.3578125 0.4265625 0.009375 0.071875
8 0.52265625 0.7515625 0.23125 0.0125
8 0.4375 0.75234375 0.059375 0.0125
8 0.909375 0.54453125 0.00625 0.06875
8 0.909375 0.6171875 0.00625 0.06875
8 0.909375 0.690625 0.00625 0.0671875
1 0.84609375 0.3359375 0.0640625 0.09375
1 0.32265625 0.728125 0.0515625 0.0609375
1 0.5171875 0.31796875 0.0453125 0.065625
1 0.37734375 0.31328125 0.05 0.071875
1 0.8234375 0.22890625 0.028125 0.0671875
6 0.66328125 0.228125 0.1859375 0.09375
5 0.45078125 0.27109375 0.090625 0.025