0 0.93515625 0.23046875 0.0203125 0.0078125
0 0.94140625 0.5 0.0078125 0.0234375
0 0.93515625 0.7859375 0.0203125 0.0078125
0 0.7109375 0.7859375 0.0203125 0.0078125
0 0.5875 0.7859375 0.0203125 0.0078125
0 0.5875 0.625 0.0203125 0.009375
0 0.7109375 0.62421875 0.0203125 0.0078125
0 0.334375 0.625 0.0203125 0.009375
0 0.07109375 0.62421875 0.01875 0.0078125
0 0.07109375 0.23046875 0.01875 0.009375
0 0.334375 0.23046875 0.0203125 0.009375
0 0.5875 0.23046875 0.0203125 0.009375
0 0.7109375 0.23125 0.0203125 0.009375
8 0.16484375 0.2328125 0.0453125 0.015625
8 0.64921875 0.23046875 0.090625 0.0125
8 0.84921875 0.23046875 0.0890625 0.0109375
8 0.85 0.78671875 0.0890625 0.0125
8 0.64921875 0.7859375 0.04375 0.0109375
8 0.4515625 0.62421875 0.090625 0.0125
8 0.2421875 0.625 0.0734375 0.0125
8 0.0640625 0.42734375 0.0078125 0.075
1 0.17890625 0.328125 0.046875 0.06875
1 0.17890625 0.4171875 0.0484375 0.06875
1 0.32265625 0.35390625 0.046875 0.0671875
1 0.31953125 0.53515625 0.0453125 0.0484375
1 0.5578125 0.57265625 0.059375 0.0828125
1 0.646875 0.63984375 0.040625 0.046875
1 0.59921875 0.740625 0.04375 0.0671875
1 0.7765625 0.47265625 0.046875 0.0671875
1 0.78046875 0.55546875 0.0546875 0.0765625
6 0.64921875 0.38671875 0.1515625 0.2546875