0 0.678125 0.175 0.0375 0.0109375
0 0.7984375 0.33203125 0.0359375 0.009375
0 0.7984375 0.57265625 0.0375 0.009375
0 0.7984375 0.8265625 0.0375 0.009375
0 0.4625 0.8890625 0.0265625 0.009375
0 0.59296875 0.8140625 0.009375 0.034375
0 0.4078125 0.6796875 0.0375 0.009375
0 0.4921875 0.5609375 0.009375 0.034375
0 0.2203125 0.5734375 0.0375 0.009375
0 0.2203125 0.4015625 0.0375 0.009375
0 0.4921875 0.25078125 0.009375 0.034375
0 0.2203125 0.2375 0.0375 0.009375
0 0.2203125 0.05078125 0.0375 0.009375
0 0.47890625 0.05078125 0.0375 0.009375
8 0.59140625 0.175 0.11875 0.009375
8 0.38671875 0.05078125 0.11875 0.009375
8 0.69140625 0.26015625 0.009375 0.1125
8 0.81171875 0.78828125 0.009375 0.0671875
8 0.4984375 0.88828125 0.0453125 0.009375
8 0.39453125 0.6265625 0.009375 0.06875
8 0.3484375 0.5734375 0.071875 0.009375
8 0.20703125 0.50234375 0.009375 0.0515625
8 0.30234375 0.32109375 0.009375 0.0515625
1 0.465625 0.2078125 0.0625 0.05
1 0.4421875 0.259375 0.0453125 0.0515625
1 0.39296875 0.31328125 0.0546875 0.0421875
1 0.28046875 0.496875 0.053125 0.0421875
1 0.4609375 0.54765625 0.053125 0.059375
1 0.62109375 0.60234375 0.065625 0.05
1 0.50078125 0.7796875 0.0453125 0.05
1 0.57109375 0.73359375 0.0546875 0.04375
5 0.70234375 0.8265625 0.109375 0.009375