0 0.13984375 0.22421875 0.009375 0.034375
0 0.634375 0.22421875 0.009375 0.034375
0 0.93359375 0.3953125 0.009375 0.0328125
0 0.80703125 0.78125 0.009375 0.034375
0 0.546875 0.88125 0.0078125 0.034375
0 0.13984375 0.88046875 0.009375 0.034375
8 0.25859375 0.21171875 0.103125 0.009375
8 0.50703125 0.21171875 0.103125 0.009375
8 0.93359375 0.465625 0.009375 0.075
8 0.9328125 0.7421875 0.009375 0.040625
8 0.86796875 0.76953125 0.0875 0.009375
1 0.72109375 0.803125 0.05625 0.065625
1 0.43828125 0.5375 0.053125 0.04375
1 0.509375 0.546875 0.05 0.0546875
1 0.5125 0.4828125 0.046875 0.053125
1 0.584375 0.5484375 0.046875 0.053125
1 0.1609375 0.6 0.053125 0.0453125
6 0.58984375 0.6734375 0.078125 0.1984375
5 0.634375 0.30703125 0.009375 0.096875
5 0.7859375 0.3828125 0.1 0.009375