0 0.27578125 0.821875 0.0046875 0.0234375
0 0.8953125 0.81953125 0.00625 0.028125
0 0.8953125 0.115625 0.00625 0.0375
0 0.05 0.1125 0.00625 0.03125
8 0.321875 0.83046875 0.0375 0.00625
8 0.4078125 0.83046875 0.034375 0.00625
5 0.4546875 0.76953125 0.00625 0.0875
8 0.55859375 0.83046875 0.034375 0.00625
8 0.8953125 0.73046875 0.00625 0.109375
8 0.5734375 0.1 0.06875 0.00625
8 0.05 0.29921875 0.00625 0.053125
8 0.05 0.2421875 0.00625 0.0546875
8 0.05 0.18515625 0.00625 0.053125
8 0.09296875 0.3859375 0.05 0.00625
8 0.27578125 0.5578125 0.0046875 0.046875
8 0.27578125 0.49609375 0.0046875 0.06875
8 0.27578125 0.434375 0.0046875 0.046875
8 0.27578125 0.71953125 0.0046875 0.1125
6 0.7553459124999999 0.5519654093749999 0.5956603781250001 0.5519654093749999 0.5956603781250001 0.6312106921875 0.7295597484375 0.6312106921875 0.7295597484375 0.5926886796875 0.7554088046875 0.5926886796875 0.7553459124999999 0.5519654093749999
5 0.82265625 0.634375 0.0875 0.00625
1 0.2296875 0.41328125 0.05625 0.0609375
1 0.48203125 0.678125 0.0328125 0.046875
1 0.52421875 0.73671875 0.04375 0.046875
1 0.6 0.7453125 0.0328125 0.05
1 0.63671875 0.740625 0.021875 0.040625
1 0.67578125 0.84453125 0.04375 0.0359375
1 0.82734375 0.54140625 0.0453125 0.034375
1 0.6640625 0.67890625 0.03125 0.046875
1 0.8765625 0.49609375 0.0453125 0.065625
1 0.8171875 0.1671875 0.03125 0.04375
1 0.73125 0.22109375 0.046875 0.0515625
1 0.73125 0.12265625 0.046875 0.053125
1 0.6595541875 0.34725042031250003 0.655493690625 0.34147471406249996 0.605927621875 0.34199977812500004 0.626370125 0.38260474843750003 0.6595541875 0.34725042031250003