8 0.853125 0.26875 0.0140625 0.08671875
8 0.753125 0.159375 0.10078125 0.0140625
0 0.84296875 0.159375 0.034375 0.01484375
0 0.653125 0.171875 0.0140625 0.03984375
0 0.41328125 0.159375 0.034375 0.01484375
0 0.390625 0.2671875 0.01484375 0.03984375
0 0.265625 0.159375 0.01484375 0.03984375
0 0.1421875 0.2796875 0.034375 0.01484375
0 0.1421875 0.48203125 0.034375 0.01484375
0 0.38046875 0.48125 0.03515625 0.015625
0 0.65390625 0.48828125 0.01484375 0.03984375
0 0.84296875 0.69375 0.034375 0.0140625
0 0.65234375 0.69375 0.034375 0.0140625
0 0.4 0.69375 0.034375 0.0140625
0 0.3796875 0.84921875 0.03515625 0.01484375
0 0.14296875 0.84921875 0.03359375 0.01484375
8 0.54453125 0.159375 0.1 0.0140625
8 0.853125 0.584375 0.0140625 0.0859375
8 0.753125 0.69375 0.10078125 0.0140625
1 0.35703125 0.2515625 0.05078125 0.07109375
1 0.678125 0.3421875 0.06328125 0.05703125
1 0.690625 0.51015625 0.06015625 0.0828125
1 0.4609375 0.659375 0.0609375 0.0828125
1 0.35234375 0.64921875 0.0609375 0.0828125
1 0.284375 0.5875 0.0515625 0.06796875
8 0.2609375 0.84921875 0.10078125 0.0140625
8 0.26484375 0.20234375 0.0140625 0.0390625
8 0.57265625 0.69375 0.10078125 0.0140625
8 0.13203125 0.73203125 0.0140625 0.09609375
8 0.13203125 0.5515625 0.0140625 0.0390625
8 0.13203125 0.38046875 0.0140625 0.08671875
1 0.36484375 0.44453125 0.065625 0.05703125