0 0.24375 0.86484375 0.0375 0.0125
0 0.471875 0.859375 0.0375 0.0234375
0 0.66328125 0.7171875 0.0375 0.0234375
0 0.77734375 0.61171875 0.0375 0.025
0 0.77734375 0.1609375 0.0375 0.025
0 0.51953125 0.1609375 0.0375 0.025
0 0.5109375 0.34375 0.01875 0.0265625
0 0.23203125 0.61171875 0.0140625 0.034375
0 0.24375 0.35078125 0.0375 0.0125
1 0.2484375 0.68359375 0.046875 0.034375
1 0.459375 0.75625 0.0625 0.04375
1 0.40546875 0.528125 0.05 0.0421875
1 0.3859375 0.528125 0.0546875 0.0421875
1 0.45 0.3859375 0.05 0.04375
1 0.478125 0.3765625 0.04375 0.0625
1 0.5375 0.52734375 0.05 0.04375
1 0.49609375 0.56796875 0.0359375 0.0375
1 0.4546875 0.56796875 0.0359375 0.0375
1 0.68984375 0.4796875 0.05 0.0421875
1 0.703125 0.59375 0.046875 0.059375
2 0.5828125 0.1734375 0.0609375 0.046875
2 0.715625 0.1734375 0.0625 0.046875
2 0.7703125 0.28671875 0.05 0.06875
2 0.7703125 0.5421875 0.05 0.06875
2 0.5359375 0.453125 0.046875 0.078125
2 0.61015625 0.70625 0.0625 0.0453125
1 0.50859375 0.70625 0.03125 0.0453125