8 0.225 0.1921875 0.028125 0.053125
8 0.24375 0.36328125 0.065625 0.090625
8 0.3984375 0.0671875 0.046875 0.028125
5 0.8640625 0.3625 0.03125 0.15625
5 0.7484375 0.734375 0.0265625 0.15625
1 0.79296875 0.49921875 0.0703125 0.078125
1 0.5359375 0.165625 0.115625 0.065625
1 0.4625 0.1734375 0.0875 0.05625
1 0.3296875 0.1984375 0.059375 0.05
1 0.3953125 0.478125 0.08125 0.0515625
1 0.3140625 0.528125 0.059375 0.05
1 0.21328125 0.68828125 0.0796875 0.053125
1 0.20859375 0.8671875 0.071875 0.078125
8 0.3390625 0.88046875 0.1 0.0515625
8 0.59609375 0.87265625 0.159375 0.065625
0 0.86015625 0.23203125 0.028125 0.059375
0 0.74765625 0.878125 0.0328125 0.0578125
0 0.1328125 0.87890625 0.03125 0.0609375
0 0.22734375 0.08359375 0.03125 0.0546875