0 0.10234375 0.84921875 0.0125 0.0375
0 0.340625 0.84921875 0.0125 0.0375
0 0.59609375 0.84921875 0.0125 0.0375
0 0.88203125 0.8609375 0.0328125 0.0140625
0 0.8921875 0.59921875 0.0125 0.0375
0 0.8921875 0.42421875 0.0125 0.0375
0 0.8921875 0.1734375 0.0125 0.0375
0 0.74296875 0.44765625 0.0328125 0.025
0 0.59296875 0.17265625 0.0125 0.0375
0 0.43671875 0.459375 0.034375 0.0140625
0 0.10234375 0.48359375 0.0125 0.0375
0 0.2703125 0.471875 0.0328125 0.0140625
0 0.2859375 0.17265625 0.0125 0.0375
8 0.14140625 0.8625 0.040625 0.009375
8 0.396875 0.8625 0.040625 0.009375
8 0.4453125 0.8625 0.040625 0.009375
8 0.78046875 0.8625 0.040625 0.009375
8 0.825 0.8625 0.040625 0.009375
8 0.89453125 0.78046875 0.009375 0.0421875
8 0.89375 0.72421875 0.009375 0.05625
8 0.89453125 0.66796875 0.009375 0.0421875
8 0.89453125 0.35546875 0.009375 0.0421875
8 0.89375 0.29921875 0.009375 0.05625
8 0.89453125 0.2421875 0.009375 0.0421875
8 0.82734375 0.159375 0.040625 0.009375
8 0.7796875 0.159375 0.040625 0.009375
8 0.47578125 0.159375 0.0515625 0.009375
8 0.31328125 0.159375 0.0421875 0.009375
8 0.28359375 0.33046875 0.00625 0.0546875
8 0.28359375 0.265625 0.00625 0.0546875
8 0.2140625 0.471875 0.040625 0.0125
8 0.16640625 0.471875 0.040625 0.0125
8 0.1 0.7421875 0.00625 0.05625
8 0.1 0.66640625 0.00625 0.071875
8 0.1 0.58984375 0.00625 0.0578125
1 0.52578125 0.8890625 0.040625 0.046875
1 0.575 0.77734375 0.03125 0.04375
1 0.57265625 0.70078125 0.0375 0.0453125
1 0.57578125 0.6078125 0.0484375 0.046875
1 0.478125 0.64375 0.05625 0.05625
1 0.61796875 0.3484375 0.04375 0.0578125
1 0.62109375 0.18203125 0.04375 0.0546875
1 0.6890625 0.23828125 0.053125 0.05625
1 0.83359375 0.5109375 0.0734375 0.071875
1 0.259375 0.39453125 0.053125 0.0546875
6 0.68203125 0.65390625 0.05625 0.19375
5 0.434375 0.60625 0.071875 0.009375