0 0.76328125 0.19140625 0.03125 0.0234375
0 0.753125 0.834375 0.0515625 0.0234375
0 0.26328125 0.884375 0.05234375 0.0234375
0 0.33828125 0.1359375 0.0328125 0.015625
8 0.32578125 0.28515625 0.0078125 0.1625
8 0.771875 0.26640625 0.0140625 0.1046875
8 0.771875 0.759375 0.0140625 0.1046875
8 0.6296875 0.834375 0.05 0.02265625
8 0.49609375 0.884375 0.05 0.0234375
8 0.41953125 0.884375 0.0296875 0.0234375
8 0.24453125 0.62890625 0.0140625 0.0875
8 0.28359375 0.51796875 0.03671875 0.0234375
1 0.571875 0.2859375 0.04375 0.0625
1 0.6046875 0.2859375 0.04375 0.0625
1 0.6125 0.47265625 0.04453125 0.06328125
1 0.378125 0.4734375 0.04296875 0.06171875
1 0.34140625 0.5609375 0.04453125 0.0640625
1 0.41953125 0.67734375 0.0359375 0.04453125
1 0.421875 0.628125 0.0453125 0.065625
1 0.459375 0.628125 0.0453125 0.06484375