0 0.1484375 0.88671875 0.01875 0.0328125
0 0.14921875 0.3125 0.0171875 0.0328125
0 0.5390625 0.29609375 0.015625 0.0328125
0 0.5390625 0.1046875 0.015625 0.0328125
0 0.83125 0.10390625 0.021875 0.034375
0 0.83125 0.31328125 0.021875 0.0328125
0 0.740625 0.50390625 0.0171875 0.0328125
0 0.64375 0.896875 0.040625 0.0125
8 0.22109375 0.89453125 0.0625 0.01875
8 0.35 0.89453125 0.0625 0.01875
8 0.53828125 0.896875 0.040625 0.0125
8 0.6578125 0.815625 0.0125 0.121875
8 0.6078125 0.65390625 0.0171875 0.0625
8 0.14921875 0.59765625 0.0171875 0.034375
8 0.740625 0.4140625 0.0171875 0.134375
8 0.83125 0.209375 0.021875 0.134375
1 0.21875 0.59765625 0.0546875 0.0390625
1 0.26640625 0.5015625 0.0375 0.0375
1 0.3375 0.4984375 0.040625 0.04375
1 0.4671875 0.4984375 0.040625 0.04375
1 0.5625 0.49765625 0.046875 0.0453125
1 0.58359375 0.55 0.0671875 0.040625
1 0.56796875 0.59375 0.034375 0.0296875
1 0.4671875 0.7453125 0.0375 0.040625
1 0.30625 0.68984375 0.0375 0.0296875
1 0.26640625 0.68984375 0.0375 0.03125
2 0.22109375 0.31796875 0.065625 0.04375
2 0.35 0.3171875 0.065625 0.04375
2 0.48125 0.31796875 0.065625 0.04375