0 0.9390625 0.9296875 0.009375 0.03125
0 0.9390625 0.01484375 0.009375 0.028125
0 0.10625 0.12109375 0.009375 0.03125
0 0.10625 0.9296875 0.009375 0.03125
8 0.30859375 0.94296875 0.18125 0.0140625
8 0.80703125 0.94296875 0.1125 0.0125
8 0.940625 0.52265625 0.0140625 0.1125
8 0.940625 0.3078125 0.015625 0.128125
8 0.10546875 0.2546875 0.0171875 0.1125
1 0.48984375 0.5609375 0.059375 0.0640625
1 0.60078125 0.54765625 0.0390625 0.0546875
1 0.72890625 0.56796875 0.0375 0.0546875
1 0.58125 0.0359375 0.06875 0.071875
1 0.12578125 0.4265625 0.0515625 0.0734375
6 0.821875 0.52890625 0.234375 0.1765625