0 0.6140625 0.9046875 0.01875 0.015625
0 0.646875 0.63359375 0.01875 0.015625
0 0.57265625 0.38984375 0.0109375 0.0359375
0 0.4984375 0.2546875 0.01875 0.015625
0 0.53515625 0.12265625 0.01875 0.015625
0 0.33203125 0.12265625 0.01875 0.015625
0 0.33125 0.3890625 0.01875 0.015625
0 0.32265625 0.86953125 0.01875 0.015625
8 0.36640625 0.859375 0.0390625 0.0375
8 0.45 0.9046875 0.0234375 0.01875
8 0.6125 0.84609375 0.021875 0.05
8 0.65 0.71015625 0.0125 0.0734375
8 0.571875 0.584375 0.0125 0.0734375
8 0.571875 0.45 0.0125 0.08125
8 0.5375 0.39453125 0.05625 0.01875
8 0.5015625 0.321875 0.0140625 0.1109375
8 0.45078125 0.2546875 0.075 0.01875
1 0.4484375 0.80546875 0.0296875 0.059375
1 0.50703125 0.803125 0.028125 0.05625
1 0.4015625 0.7546875 0.0234375 0.040625
1 0.41875 0.68984375 0.01875 0.03125
1 0.45 0.6921875 0.021875 0.040625
1 0.48203125 0.6875 0.0265625 0.05
1 0.52890625 0.76328125 0.0234375 0.04375
1 0.5625 0.51640625 0.03125 0.040625
1 0.41875 0.5640625 0.01875 0.034375
1 0.41875 0.64453125 0.01875 0.03125