2 0.13046875 0.15703125 0.06875 0.1203125
1 0.7359375 0.3234375 0.04765625 0.071875
1 0.796875 0.3796875 0.0640625 0.0515625
1 0.87421875 0.52578125 0.071875 0.065625
5 0.59609375 0.91171875 0.109375 0.0171875
8 0.290625 0.91171875 0.128125 0.01640625
8 0.103125 0.646875 0.0171875 0.15
8 0.58359375 0.0921875 0.1296875 0.0171875
8 0.796875 0.09140625 0.10859375 0.015625
0 0.115625 0.09296875 0.03828125 0.015625
0 0.88828125 0.0921875 0.03984375 0.0140625
0 0.88671875 0.9109375 0.03828125 0.01640625
0 0.11640625 0.91171875 0.03828125 0.01484375