0 0.7734375 0.1921875 0.01171875 0.03515625
0 0.77109375 0.5171875 0.0171875 0.03046875
0 0.7734375 0.90625 0.01171875 0.03984375
0 0.46484375 0.9109375 0.01640625 0.03046875
0 0.15078125 0.76015625 0.01171875 0.034375
0 0.15078125 0.5125 0.01171875 0.03984375
0 0.1609375 0.18125 0.03203125 0.01484375
0 0.4640625 0.18125 0.03203125 0.01484375
0 0.4640625 0.5171875 0.0171875 0.03046875
8 0.265625 0.18203125 0.1203125 0.0140625
8 0.61796875 0.18203125 0.1203125 0.0140625
8 0.7734375 0.296875 0.0109375 0.0953125
8 0.7734375 0.4703125 0.0109375 0.0640625
8 0.7734375 0.62265625 0.0109375 0.0953125
8 0.7734375 0.821875 0.0109375 0.11484375
8 0.6171875 0.91796875 0.1203125 0.0140625
8 0.26640625 0.7703125 0.1203125 0.0140625
8 0.15078125 0.62890625 0.0109375 0.1265625
8 0.15078125 0.38359375 0.0109375 0.1265625
1 0.4953125 0.37734375 0.05625 0.08359375
1 0.56640625 0.6875 0.06015625 0.06640625
1 0.496875 0.7609375 0.05625 0.0828125
2 0.42109375 0.74765625 0.0734375 0.05859375