1 0.621875 0.61640625 0.071875 0.071875
1 0.33515625 0.49296875 0.05625 0.0546875
0 0.40234375 0.53046875 0.03125 0.009375
1 0.37109375 0.4171875 0.046875 0.05625
1 0.28828125 0.4171875 0.040625 0.0546875
1 0.37109375 0.28671875 0.046875 0.046875
1 0.2 0.48671875 0.05625 0.0546875
1 0.0890625 0.58046875 0.071875 0.071875
0 0.91015625 0.65703125 0.03125 0.009375
0 0.60234375 0.65703125 0.03125 0.009375
0 0.57890625 0.86640625 0.03125 0.009375
0 0.40234375 0.86640625 0.03125 0.009375
0 0.06953125 0.18515625 0.03125 0.009375
0 0.14296875 0.53046875 0.03125 0.009375
0 0.06953125 0.86640625 0.03125 0.009375
0 0.0578125 0.85078125 0.009375 0.021875
0 0.40234375 0.18515625 0.03125 0.009375
0 0.60234375 0.18515625 0.03125 0.009375
0 0.91015625 0.18515625 0.03125 0.009375
0 0.921875 0.2 0.009375 0.0203125
6 0.1853021046875 0.19003139687499998 0.062108546875000004 0.1901265015625 0.0621181265625 0.49411302968750004 0.12695179843749999 0.49411302968750004 0.12698574375 0.3519623234375 0.1853360484375 0.352119309375 0.1853021046875 0.19003139687499998