0 0.32890625 0.11640625 0.15546875 0.046875
0 0.32578125 0.2734375 0.15859375 0.02578125
0 0.325 0.41875 0.1609375 0.02109375
0 0.26484375 0.59296875 0.02265625 0.346875
0 0.5609375 0.68046875 0.01875 0.171875
0 0.8171875 0.61328125 0.0203125 0.1875
0 0.5609375 0.3453125 0.01796875 0.1671875
1 0.4 0.17890625 0.01015625 0.0875
1 0.45625 0.42109375 0.05703125 0.0125
1 0.509375 0.5296875 0.04296875 0.01640625
1 0.559375 0.5640625 0.01171875 0.06484375
7 0.6203125 0.5046875 0.01640625 0.04453125
7 0.77421875 0.69765625 0.03359375 0.015625
1 0.72890625 0.59375 0.015625 0.0578125
8 0.6453125 0.828125 0.16640625 0.01953125
8 0.353125 0.8296875 0.1640625 0.01796875