8 0.265625 0.06875 0.0296875 0.00859375
8 0.30859375 0.06875 0.0546875 0.009375
8 0.35078125 0.06875 0.0296875 0.00859375
8 0.3984375 0.103125 0.0078125 0.0421875
8 0.39765625 0.2203125 0.00703125 0.04296875
1 0.39765625 0.284375 0.00625 0.04453125
1 0.36796875 0.346875 0.0296875 0.00859375
8 0.41015625 0.3859375 0.00703125 0.03046875
1 0.440625 0.43125 0.03125 0.0078125
8 0.4796875 0.43203125 0.04453125 0.0078125
1 0.51796875 0.43125 0.0296875 0.009375
1 0.55 0.4046875 0.00703125 0.04453125
4 0.4796875 0.5984375 0.08984375 0.01796875
4 0.4796875 0.67578125 0.05859375 0.015625
1 0.34140625 0.6703125 0.02265625 0.03046875
1 0.309375 0.6921875 0.03046875 0.00859375
1 0.4296875 0.67109375 0.0265625 0.0046875
1 0.30390625 0.58203125 0.0296875 0.00625
1 0.2859375 0.60703125 0.00546875 0.0375
1 0.2203125 0.6421875 0.0078125 0.03515625
8 0.21875 0.59921875 0.00703125 0.03125
7 0.21953125 0.5140625 0.00703125 0.0296875
1 0.28515625 0.5265625 0.0046875 0.0359375
1 0.2625 0.45703125 0.0046875 0.034375
1 0.3078125 0.4453125 0.00390625 0.034375
4 0.28984375 0.3375 0.0359375 0.0171875
0 0.28984375 0.2546875 0.034375 0.01796875
8 0.21953125 0.215625 0.0078125 0.0296875
8 0.2203125 0.10390625 0.01015625 0.03125
8 0.59765625 0.2328125 0.028125 0.01015625
8 0.63671875 0.23359375 0.04296875 0.009375
8 0.675 0.234375 0.02890625 0.01015625
8 0.721875 0.4546875 0.0078125 0.02890625
1 0.721875 0.48828125 0.00625 0.0390625
8 0.721875 0.5234375 0.00625 0.028125
8 0.72109375 0.6140625 0.0078125 0.0546875
8 0.68203125 0.7046875 0.00625 0.02890625
8 0.68125 0.8171875 0.0046875 0.0296875
8 0.61796875 0.83515625 0.0328125 0.0078125
8 0.5828125 0.83515625 0.03203125 0.0078125
4 0.515625 0.759375 0.0125 0.0828125
1 0.4796875 0.8078125 0.03515625 0.00546875
8 0.40546875 0.834375 0.0328125 0.00703125
8 0.36953125 0.8359375 0.03359375 0.00703125
5 0.253125 0.690625 0.0546875 0.00546875
8 0.21953125 0.3859375 0.0078125 0.07265625
8 0.36796875 0.4296875 0.0359375 0.0171875
8 0.21953125 0.79921875 0.0078125 0.0453125
8 0.24765625 0.8359375 0.03515625 0.01015625