7 0.19296875 0.0625 0.0515625 0.009375
7 0.16015625 0.1125 0.0109375 0.0796875
5 0.68046875 0.4015625 0.1015625 0.00625
8 0.8140625 0.4015625 0.1 0.0078125
8 0.90625 0.6453125 0.009375 0.0796875
8 0.7859375 0.915625 0.1015625 0.009375
1 0.609375 0.79453125 0.06171875 0.00859375
3 0.3546875 0.86640625 0.31953125 0.0140625
1 0.46875 0.5609375 0.05078125 0.0078125
1 0.47265625 0.475 0.0546875 0.00703125
5 0.39296875 0.503125 0.0078125 0.0796875
1 0.43671875 0.4296875 0.0078125 0.04140625
1 0.4375 0.3796875 0.00703125 0.0421875
1 0.5171875 0.3734375 0.00859375 0.04453125
5 0.3921875 0.3015625 0.01015625 0.0875
1 0.47578125 0.28515625 0.0578125 0.0078125
4 0.3734375 0.12578125 0.00859375 0.05
1 0.34375 0.1609375 0.04609375 0.009375
1 0.278125 0.1609375 0.053125 0.00625
8 0.1609375 0.328125 0.01015625 0.0796875
8 0.159375 0.484375 0.01015625 0.08046875
4 0.54609375 0.4390625 0.015625 0.04921875
0 0.8890625 0.2625 0.040625 0.03203125