1 0.3578125 0.38203125 0.040625 0.0625
1 0.31796875 0.475 0.053125 0.0828125
1 0.31796875 0.5671875 0.053125 0.08125
1 0.39609375 0.66484375 0.0359375 0.0734375
1 0.609375 0.6484375 0.0625 0.0984375
1 0.675 0.5375 0.0625 0.10625
1 0.61328125 0.43203125 0.0546875 0.109375
0 0.1984375 0.85859375 0.0078125 0.05
0 0.21015625 0.8765625 0.015625 0.0140625
0 0.41640625 0.85859375 0.0078125 0.05
0 0.70234375 0.859375 0.0078125 0.0484375
0 0.70234375 0.61328125 0.0078125 0.046875
0 0.5828125 0.4625 0.0078125 0.0484375
0 0.8 0.46171875 0.0078125 0.0484375
0 0.7921875 0.1125 0.0234375 0.0140625
0 0.8 0.13671875 0.0078125 0.0359375
0 0.5828125 0.1296875 0.0078125 0.05
0 0.41640625 0.5390625 0.0078125 0.05
0 0.1984375 0.53984375 0.0078125 0.0484375
0 0.1984375 0.1296875 0.0078125 0.05
0 0.41640625 0.1296875 0.0078125 0.05
8 0.70234375 0.73515625 0.0078125 0.1609375
8 0.49921875 0.8765625 0.0921875 0.0140625
8 0.27109375 0.8765625 0.0921875 0.0140625
8 0.38125 0.8765625 0.0421875 0.0140625
8 0.1984375 0.69921875 0.0078125 0.240625
8 0.1984375 0.3171875 0.0078125 0.240625
8 0.27109375 0.1125 0.0921875 0.0140625
8 0.38125 0.1125 0.0421875 0.0140625
8 0.49921875 0.1484375 0.0921875 0.0140625
8 0.69765625 0.1125 0.1375 0.0140625
8 0.8 0.29609375 0.0078125 0.240625