0 0.81328125 0.1328125 0.01640625 0.04140625
0 0.6296875 0.134375 0.01796875 0.04609375
0 0.321875 0.13203125 0.0171875 0.040625
0 0.178125 0.1328125 0.0171875 0.0421875
0 0.09765625 0.19296875 0.0171875 0.0421875
0 0.1703125 0.3734375 0.01796875 0.03828125
0 0.09765625 0.4359375 0.0171875 0.03828125
0 0.178125 0.5015625 0.0171875 0.03828125
0 0.09765625 0.75 0.0171875 0.040625
0 0.178125 0.7875 0.0171875 0.04375
0 0.321875 0.7875 0.0171875 0.04296875
0 0.3390625 0.63125 0.0359375 0.0203125
0 0.6015625 0.63046875 0.03515625 0.021875
0 0.59296875 0.80625 0.0171875 0.0359375
0 0.71171875 0.80625 0.021875 0.03671875
0 0.76484375 0.7234375 0.01796875 0.040625
0 0.81328125 0.5890625 0.0171875 0.04140625
0 0.8078125 0.453125 0.0265625 0.01953125
0 0.65625 0.4609375 0.0171875 0.034375
0 0.6265625 0.38203125 0.0359375 0.021875
0 0.8078125 0.325 0.01484375 0.0328125
0 0.87421875 0.2375 0.07734375 0.00859375
0 0.3390625 0.38125 0.03515625 0.0203125
7 0.871875 0.1203125 0.00859375 0.03359375
1 0.8109375 0.16875 0.0046875 0.03671875
8 0.73515625 0.146875 0.0984375 0.0109375
1 0.67265625 0.3359375 0.0359375 0.00546875
1 0.73203125 0.41796875 0.00546875 0.0515625
1 0.75 0.4484375 0.0265625 0.00546875
1 0.76875 0.4796875 0.0046875 0.03515625
7 0.78359375 0.5484375 0.0265625 0.01015625
8 0.76015625 0.56796875 0.02734375 0.034375
1 0.6875 0.565625 0.028125 0.00703125
1 0.70546875 0.603125 0.0046875 0.03515625
8 0.76875 0.65625 0.009375 0.10078125
8 0.7390625 0.7078125 0.0390625 0.0078125
8 0.64765625 0.8171875 0.0765625 0.009375
4 0.65 0.62578125 0.05 0.0109375
5 0.42890625 0.62578125 0.0875 0.0109375
5 0.54375 0.6265625 0.0859375 0.0109375
1 0.30390625 0.471875 0.0328125 0.00546875
1 0.28359375 0.4484375 0.00703125 0.03515625
1 0.3046875 0.3859375 0.03359375 0.00546875
7 0.1734375 0.4296875 0.00859375 0.03125
7 0.13359375 0.45 0.02578125 0.01171875
1 0.175 0.5359375 0.0078125 0.03515625
1 0.15546875 0.5734375 0.02734375 0.00703125
7 0.1328125 0.734375 0.03828125 0.0109375
8 0.25 0.771875 0.10078125 0.0109375
1 0.1734375 0.3171875 0.00546875 0.04296875
8 0.1734375 0.2421875 0.00859375 0.07890625
8 0.25 0.146875 0.09921875 0.01171875