0 0.87734375 0.3703125 0.0109375 0.028125
0 0.1015625 0.2421875 0.009375 0.028125
0 0.1015625 0.7375 0.009375 0.021875
0 0.87734375 0.7359375 0.0109375 0.025
1 0.834375 0.4734375 0.059375 0.04375
1 0.48203125 0.57265625 0.065625 0.059375
1 0.41171875 0.61953125 0.0703125 0.0484375
1 0.48828125 0.3640625 0.078125 0.071875
1 0.49609375 0.3203125 0.053125 0.0375
8 0.87734375 0.61796875 0.0109375 0.1265625
8 0.87734375 0.45078125 0.0109375 0.05
8 0.6640625 0.28046875 0.009375 0.078125
8 0.17578125 0.3265625 0.009375 0.075
8 0.17578125 0.4703125 0.009375 0.075
5 0.621875 0.5765625 0.009375 0.1265625
6 0.2390625 0.65 0.265625 0.18125
8 0.1015625 0.6546875 0.009375 0.053125