8 0.89609375 0.58515625 0.0140625 0.184375
8 0.79375 0.43046875 0.01875 0.0375
8 0.79375 0.36015625 0.01875 0.0375
8 0.69609375 0.1609375 0.053125 0.021875
8 0.359375 0.1625 0.053125 0.015625
8 0.26171875 0.71484375 0.0140625 0.2265625
8 0.5265625 0.90390625 0.053125 0.015625
8 0.625 0.90390625 0.053125 0.0171875
8 0.79375 0.7359375 0.01875 0.0390625
1 0.4859375 0.6859375 0.0375 0.040625
1 0.4859375 0.73828125 0.0375 0.0390625
1 0.62421875 0.790625 0.0515625 0.0625
1 0.63828125 0.73828125 0.0375 0.040625
1 0.53046875 0.7921875 0.05 0.0625
1 0.53046875 0.59140625 0.05 0.0625
1 0.6296875 0.4890625 0.0515625 0.06875
1 0.678125 0.35703125 0.0375 0.040625
1 0.62890625 0.4109375 0.0515625 0.0625
1 0.62890625 0.3046875 0.0515625 0.0625
1 0.52265625 0.23828125 0.05 0.0734375
1 0.2765625 0.265625 0.05 0.040625
0 0.79375 0.89140625 0.01875 0.040625
0 0.89609375 0.69609375 0.0140625 0.040625
0 0.89609375 0.4734375 0.0140625 0.0390625
0 0.79375 0.1703125 0.01875 0.040625
0 0.596875 0.16953125 0.01875 0.040625
0 0.45859375 0.175 0.01875 0.040625
0 0.259375 0.17421875 0.01875 0.040625
0 0.26171875 0.5375 0.0140625 0.0390625
0 0.2609375 0.89140625 0.0140625 0.040625
0 0.57890625 0.90390625 0.034375 0.0171875
0 0.5671875 0.69609375 0.009375 0.0390625
0 0.56640625 0.47421875 0.009375 0.040625