1 0.42109375 0.51875 0.071875 0.0734375
1 0.4875 0.44765625 0.05 0.071875
1 0.55546875 0.82578125 0.05 0.09375
8 0.86875 0.34140625 0.05625 0.121875
8 0.7484375 0.84140625 0.0734375 0.0625
8 0.60625 0.1953125 0.071875 0.059375
8 0.46640625 0.18125 0.0359375 0.03125
8 0.1359375 0.35703125 0.015625 0.0625
8 0.36484375 0.86015625 0.053125 0.025
0 0.13984375 0.8359375 0.0234375 0.0625
0 0.88671875 0.83828125 0.025 0.06875
0 0.88671875 0.19921875 0.028125 0.0703125
0 0.13984375 0.1984375 0.021875 0.0640625