0 0.90546875 0.88515625 0.0375 0.025
0 0.0890625 0.88515625 0.0359375 0.025
0 0.0890625 0.08671875 0.0375 0.028125
0 0.90546875 0.08671875 0.0375 0.025
8 0.9140625 0.1875 0.01875 0.125
8 0.91484375 0.75703125 0.01875 0.125
8 0.78203125 0.88515625 0.109375 0.028125
8 0.54296875 0.88515625 0.134375 0.0265625
8 0.3796875 0.88515625 0.0421875 0.0265625
8 0.1828125 0.88515625 0.140625 0.0265625
8 0.08046875 0.753125 0.0203125 0.125
8 0.08046875 0.51875 0.0203125 0.1125
8 0.08046875 0.3515625 0.0203125 0.05
8 0.08046875 0.1890625 0.0203125 0.125
8 0.17421875 0.08671875 0.1203125 0.028125
8 0.4734375 0.08671875 0.134375 0.028125
8 0.60625 0.08671875 0.0421875 0.028125
8 0.78828125 0.08671875 0.1078125 0.028125
1 0.7140625 0.25625 0.0625 0.096875
1 0.62265625 0.26015625 0.05625 0.090625
1 0.3546875 0.2515625 0.065625 0.1046875
1 0.25078125 0.36796875 0.05625 0.0625