0 0.878125 0.8109375 0.01875 0.00625
0 0.1359375 0.8 0.0078125 0.028125
0 0.1359375 0.20078125 0.0078125 0.028125
0 0.884375 0.32421875 0.0078125 0.0203125
1 0.39921383593750004 0.3651572328125 0.35345911874999997 0.336163521875 0.3211477984375 0.36949685468750004 0.3652589234375 0.39877770468749996 0.39921383593750004 0.3651572328125
1 0.404163521875 0.2984276734375 0.3637757765625 0.2718435171875 0.325314465625 0.3001257859375 0.3539308171875 0.3316981125 0.404163521875 0.2984276734375
1 0.71171875 0.51484375 0.0375 0.034375
1 0.70703125 0.6484375 0.0375 0.034375
1 0.5765625 0.46640625 0.04375 0.040625
1 0.5734375 0.51484375 0.0375 0.034375
1 0.56171875 0.684375 0.0546875 0.0375
1 0.51640625 0.29765625 0.065625 0.0453125
8 0.1359375 0.40625 0.0078125 0.071875
8 0.1359375 0.53515625 0.0078125 0.071875
8 0.30625 0.8109375 0.1359375 0.00625
8 0.8109375 0.8109375 0.1125 0.00625
8 0.28203125 0.18984375 0.059375 0.00625
8 0.21953125 0.18984375 0.05625 0.00625
8 0.884375 0.53046875 0.0078125 0.0375
8 0.884375 0.77890625 0.0078125 0.0375
8 0.4875 0.18984375 0.05625 0.00625
5 0.3640625 0.22890625 0.0078125 0.0578125
5 0.41875 0.43125 0.0078125 0.075
6 0.30234375 0.53515625 0.325 0.109375
5 0.60859375 0.37578125 0.0078125 0.103125
8 0.75703125 0.3171875 0.0578125 0.00625
8 0.69375 0.3171875 0.0578125 0.00625
5 0.5625 0.753125 0.121875 0.00625
1 0.43046875 0.6140625 0.06875 0.0484375