0 0.84296875 0.1265625 0.05 0.009375
0 0.6171875 0.12578125 0.05 0.009375
0 0.4015625 0.12578125 0.05 0.009375
0 0.16953125 0.44296875 0.05 0.009375
0 0.11953125 0.53671875 0.05 0.009375
0 0.11953125 0.81875 0.05 0.009375
0 0.5328125 0.81875 0.0515625 0.0109375
0 0.89921875 0.81875 0.053125 0.0125
0 0.88515625 0.44296875 0.05 0.009375
0 0.696875 0.55859375 0.009375 0.0546875
0 0.59609375 0.42109375 0.0078125 0.053125
0 0.4015625 0.44296875 0.05 0.009375
8 0.4453125 0.8890625 0.053125 0.0125
8 0.33125 0.81875 0.053125 0.0109375
8 0.0984375 0.678125 0.009375 0.11875
8 0.22421875 0.36875 0.009375 0.11875
8 0.22421875 0.20078125 0.009375 0.11875
8 0.2953125 0.12578125 0.1125 0.009375
8 0.525 0.12578125 0.1125 0.009375
8 0.73046875 0.12578125 0.1125 0.009375
8 0.8640625 0.29140625 0.009375 0.11875
8 0.9203125 0.52578125 0.009375 0.053125
8 0.9203125 0.6515625 0.009375 0.0546875
8 0.9203125 0.7578125 0.009375 0.053125
8 0.6109375 0.81796875 0.10625 0.009375
1 0.82109375 0.6328125 0.05 0.0625
1 0.72109375 0.78828125 0.059375 0.053125
1 0.8296875 0.46953125 0.05 0.0625
1 0.5421875 0.56328125 0.05 0.0625
1 0.3078125 0.70859375 0.04375 0.0546875
1 0.62578125 0.41640625 0.05 0.0625
1 0.5671875 0.41640625 0.05 0.0625
1 0.30859375 0.55859375 0.0421875 0.053125
1 0.25390625 0.56328125 0.05 0.0625
1 0.17421875 0.48984375 0.059375 0.053125
1 0.259375 0.41640625 0.05 0.0625