0 0.1765625 0.121875 0.0140625 0.025
0 0.19609375 0.115625 0.025 0.0125
0 0.1765625 0.42421875 0.0140625 0.0375
0 0.1890625 0.84453125 0.040625 0.0140625
0 0.45546875 0.84453125 0.0390625 0.0140625
0 0.71796875 0.84453125 0.0390625 0.0140625
0 0.73125 0.83046875 0.0140625 0.0125
0 0.73125 0.4734375 0.0140625 0.040625
0 0.71875 0.115625 0.0390625 0.0125
0 0.52421875 0.115625 0.0375 0.0125
8 0.2765625 0.84375 0.0953125 0.0140625
8 0.58515625 0.84453125 0.0859375 0.0140625
8 0.73125 0.75390625 0.0140625 0.0765625
8 0.73125 0.58125 0.0140625 0.078125
8 0.73125 0.22578125 0.0140625 0.078125
8 0.309375 0.11640625 0.0953125 0.0125
8 0.1765625 0.53515625 0.0140625 0.078125
8 0.1765625 0.6953125 0.0140625 0.078125
1 0.37578125 0.815625 0.059375 0.071875
1 0.365625 0.571875 0.059375 0.059375
1 0.50234375 0.44296875 0.059375 0.0578125
1 0.37265625 0.31875 0.0453125 0.0421875
1 0.21015625 0.31796875 0.05625 0.059375
1 0.42890625 0.26484375 0.059375 0.06875