8 0.0875 0.43125 0.015625 0.190625
8 0.19296875 0.590625 0.01875 0.040625
8 0.19296875 0.6625 0.01875 0.040625
8 0.29375 0.86953125 0.05625 0.021875
8 0.64140625 0.8671875 0.0546875 0.015625
8 0.7421875 0.29765625 0.015625 0.234375
8 0.46875 0.10234375 0.0546875 0.015625
8 0.36640625 0.10234375 0.0546875 0.015625
8 0.19296875 0.275 0.01875 0.040625
1 0.51015625 0.32734375 0.0390625 0.040625
1 0.51015625 0.27265625 0.0390625 0.040625
1 0.36796875 0.21875 0.053125 0.065625
1 0.353125 0.27265625 0.0375 0.040625
1 0.4640625 0.21796875 0.053125 0.065625
1 0.4640625 0.42421875 0.053125 0.0640625
1 0.36171875 0.53046875 0.053125 0.071875
1 0.31171875 0.66640625 0.0375 0.040625
1 0.3625 0.6109375 0.053125 0.0640625
1 0.36328125 0.7203125 0.053125 0.065625
1 0.47265625 0.7890625 0.053125 0.075
1 0.7265625 0.7609375 0.053125 0.040625
0 0.19296875 0.11484375 0.01875 0.040625
0 0.0875 0.31640625 0.015625 0.040625
0 0.0875 0.54609375 0.015625 0.040625
0 0.1921875 0.859375 0.01875 0.040625
0 0.39609375 0.859375 0.01875 0.040625
0 0.53828125 0.8546875 0.01875 0.040625
0 0.74375 0.8546875 0.01875 0.040625
0 0.7421875 0.48046875 0.015625 0.040625
0 0.7421875 0.1140625 0.015625 0.0421875
0 0.41484375 0.10234375 0.034375 0.0171875
0 0.4265625 0.31640625 0.009375 0.040625
0 0.42734375 0.5453125 0.009375 0.040625