0 0.06171875 0.2125 0.0234375 0.0875
0 0.459375 0.18125 0.0484375 0.025
0 0.81953125 0.18046875 0.053125 0.0296875
0 0.821875 0.82265625 0.0515625 0.0296875
0 0.47265625 0.82109375 0.05 0.03125
0 0.0609375 0.79609375 0.025 0.0828125
1 0.2609375 0.40078125 0.05625 0.109375
1 0.5578125 0.39921875 0.065625 0.096875
1 0.634375 0.26953125 0.0578125 0.096875
8 0.36875 0.18671875 0.0796875 0.034375
8 0.059375 0.5 0.0375 0.15
8 0.38671875 0.81875 0.090625 0.0390625
8 0.72890625 0.81953125 0.0828125 0.0640625