0 0.31875 0.1671875 0.02265625 0.06328125
0 0.80078125 0.16875 0.02265625 0.06015625
0 0.62109375 0.43828125 0.02109375 0.059375
0 0.18671875 0.43671875 0.0359375 0.06640625
0 0.1875 0.85859375 0.0359375 0.06015625
0 0.7046875 0.8578125 0.0328125 0.059375
1 0.65625 0.48984375 0.06484375 0.0640625
1 0.66171875 0.56171875 0.07578125 0.06015625
1 0.6171875 0.61171875 0.0390625 0.04921875
1 0.50859375 0.6671875 0.0703125 0.06953125
1 0.540625 0.8453125 0.0703125 0.06875
2 0.31953125 0.84765625 0.14375 0.08046875