0 0.703125 0.190625 0.0390625 0.015625
0 0.70390625 0.41796875 0.040625 0.015625
0 0.80234375 0.5984375 0.05625 0.021875
0 0.48515625 0.17109375 0.015625 0.040625
0 0.3796875 0.17109375 0.015625 0.040625
0 0.3796875 0.4046875 0.015625 0.040625
0 0.1484375 0.17109375 0.015625 0.040625
0 0.1484375 0.4046875 0.015625 0.040625
0 0.42109375 0.6109375 0.040625 0.015625
0 0.1484375 0.7453125 0.015625 0.040625
0 0.42109375 0.75859375 0.040625 0.015625
8 0.60078125 0.1890625 0.115625 0.0109375
8 0.43203125 0.15625 0.046875 0.0109375
8 0.4328125 0.228125 0.046875 0.0109375
8 0.7765625 0.41953125 0.10625 0.009375
8 0.82421875 0.48203125 0.0109375 0.115625
8 0.50078125 0.60859375 0.046875 0.0109375
5 0.2640625 0.28359375 0.16875 0.009375
1 0.18828125 0.72578125 0.0640625 0.078125
1 0.31171875 0.6375 0.059375 0.06875
1 0.475 0.50078125 0.05 0.059375
1 0.58515625 0.4484375 0.05 0.05
1 0.415625 0.3390625 0.05 0.059375
1 0.421875 0.38984375 0.059375 0.06875