0 0.23984375 0.09140625 0.0125 0.04375
0 0.23984375 0.6921875 0.0125 0.04375
0 0.23984375 0.96875 0.0125 0.04375
0 0.61796875 0.9828125 0.034375 0.015625
0 0.7640625 0.6921875 0.0125 0.04375
0 0.75234375 0.0765625 0.034375 0.015625
8 0.765625 0.24609375 0.0109375 0.06875
8 0.765625 0.54609375 0.0125 0.06875
8 0.765625 0.75546875 0.0109375 0.06875
8 0.540625 0.9859375 0.06875 0.015625
8 0.33515625 0.9859375 0.0671875 0.0125
1 0.4609375 0.6234375 0.0734375 0.08125
1 0.37734375 0.6375 0.05 0.0734375
1 0.571875 0.7953125 0.0609375 0.06875
1 0.64765625 0.815625 0.04375 0.0625
1 0.61015625 0.92578125 0.053125 0.078125
6 0.371875 0.84140625 0.26875 0.271875