1 0.55703125 0.31796875 0.084375 0.09375
1 0.65625 0.421875 0.1140625 0.08125
1 0.6546875 0.553125 0.109375 0.0796875
1 0.5171875 0.859375 0.090625 0.1046875
8 0.303125 0.90078125 0.075 0.025
8 0.73984375 0.90078125 0.075 0.028125
8 0.8671875 0.78515625 0.01875 0.06875
8 0.8671875 0.69296875 0.021875 0.0671875
8 0.86796875 0.2421875 0.0234375 0.0734375
8 0.8671875 0.15859375 0.025 0.06875
0 0.165625 0.07109375 0.065625 0.028125
0 0.52265625 0.07109375 0.0625 0.025
0 0.84453125 0.07109375 0.0609375 0.021875
0 0.8484375 0.48671875 0.0671875 0.025
0 0.5234375 0.48671875 0.06875 0.0296875
0 0.16484375 0.4875 0.065625 0.0265625
0 0.165625 0.90078125 0.0625 0.021875
0 0.846875 0.9 0.0640625 0.025