8 0.70859375 0.090625 0.04375 0.00625
8 0.6328125 0.090625 0.04375 0.00625
0 0.771875 0.0921875 0.009375 0.009375
8 0.49375 0.090625 0.04375 0.00625
8 0.42578125 0.090625 0.04375 0.00625
8 0.23203125 0.090625 0.04375 0.00625
8 0.15078125 0.090625 0.04375 0.00625
8 0.09140625 0.384375 0.009375 0.0390625
8 0.09140625 0.559375 0.009375 0.0390625
8 0.15859375 0.921875 0.04375 0.00625
8 0.23046875 0.921875 0.04375 0.00625
8 0.35 0.921875 0.04375 0.00625
8 0.43046875 0.921875 0.04375 0.00625
8 0.61640625 0.921875 0.04375 0.00625
8 0.771875 0.921875 0.04375 0.00625
8 0.87265625 0.921875 0.04375 0.00625
8 0.95625 0.8484375 0.0078125 0.0609375
8 0.95625 0.70625 0.0078125 0.059375
8 0.85859375 0.60546875 0.06875 0.0078125
8 0.771875 0.4546875 0.009375 0.0390625
8 0.771875 0.5 0.009375 0.0390625
8 0.771875 0.16015625 0.009375 0.0375
8 0.771875 0.24375 0.009375 0.0390625
1 0.6 0.26171875 0.0546875 0.040625
1 0.72109375 0.5875 0.040625 0.04375
1 0.5984375 0.63828125 0.0515625 0.0375
1 0.52109375 0.82421875 0.040625 0.040625
1 0.4421875 0.82109375 0.046875 0.034375
1 0.31875 0.7375 0.05 0.034375
1 0.31796875 0.79609375 0.0484375 0.0375
1 0.2703125 0.6421875 0.040625 0.040625
1 0.4828125 0.12265625 0.0484375 0.0359375
1 0.4328125 0.20078125 0.040625 0.0421875
1 0.4890625 0.31484375 0.040625 0.0421875
1 0.33828125 0.2703125 0.05625 0.040625
5 0.31796875 0.15625 0.009375 0.0671875
6 0.1625739640625 0.39935567031249997 0.37307100625 0.399481959375 0.37322485156249996 0.307860825 0.096301775 0.30798969062500003 0.0962988171875 0.6211443296875 0.1625739640625 0.6210051546875001 0.1625739640625 0.39935567031249997