0 0.80390625 0.77265625 0.021875 0.0703125
0 0.52578125 0.91640625 0.021875 0.0703125
0 0.23359375 0.93828125 0.05625 0.028125
0 0.21640625 0.2328125 0.021875 0.06875
0 0.52578125 0.33515625 0.021875 0.0703125
0 0.80390625 0.378125 0.021875 0.071875
8 0.80390625 0.684375 0.025 0.08125
8 0.703125 0.79453125 0.128125 0.034375
8 0.37734375 0.93828125 0.2015625 0.034375
8 0.21640625 0.72421875 0.028125 0.084375
8 0.215625 0.50546875 0.028125 0.1640625
8 0.2953125 0.21171875 0.06875 0.0375
8 0.44765625 0.2109375 0.0703125 0.0375
8 0.72578125 0.35703125 0.06875 0.034375
1 0.659375 0.4609375 0.04375 0.0625
1 0.62578125 0.56796875 0.03125 0.040625
1 0.58828125 0.565625 0.028125 0.0359375
1 0.55234375 0.5671875 0.0328125 0.0421875
1 0.2421875 0.3234375 0.08125 0.10625
1 0.43984375 0.3890625 0.0828125 0.096875
1 0.24296875 0.8671875 0.08125 0.10625