0 0.3140625 0.18828125 0.03125 0.0265625
0 0.6921875 0.1890625 0.03125 0.025
0 0.6921875 0.88671875 0.03125 0.025
0 0.3140625 0.88671875 0.03125 0.025
8 0.3859375 0.1890625 0.053125 0.025
8 0.6390625 0.1890625 0.05 0.025
8 0.61875 0.88671875 0.05 0.025
8 0.50390625 0.88671875 0.0515625 0.025
8 0.69921875 0.6078125 0.015625 0.04375
1 0.4921875 0.215625 0.0375 0.04375
1 0.50625 0.3953125 0.0390625 0.05625
1 0.5796875 0.39453125 0.040625 0.05625
1 0.5796875 0.50859375 0.040625 0.05625
1 0.615625 0.63828125 0.040625 0.059375
1 0.5796875 0.6875 0.0375 0.0421875
1 0.5421875 0.6875 0.0375 0.0421875
1 0.3984375 0.63984375 0.0375 0.040625
2 0.31484375 0.4 0.0328125 0.090625
2 0.31484375 0.74765625 0.0328125 0.090625