0 0.89453125 0.17578125 0.0609375 0.03515625
0 0.8953125 0.82421875 0.06015625 0.03515625
0 0.14375 0.82890625 0.0640625 0.025
0 0.23125 0.17578125 0.03359375 0.0359375
1 0.2609375 0.6796875 0.04140625 0.059375
1 0.2609375 0.57578125 0.04140625 0.059375
1 0.26015625 0.4265625 0.0390625 0.05625
1 0.4390625 0.46015625 0.04140625 0.05859375
1 0.43671875 0.53984375 0.04140625 0.05859375
1 0.60625 0.29140625 0.0390625 0.05625
1 0.575 0.49296875 0.04140625 0.059375
1 0.65859375 0.67109375 0.04765625 0.05390625
1 0.71015625 0.6203125 0.046875 0.06640625
1 0.90546875 0.31328125 0.03828125 0.0546875
8 0.2796875 0.17421875 0.0640625 0.03359375
8 0.378125 0.175 0.0609375 0.03515625
8 0.51484375 0.17578125 0.05859375 0.03515625
8 0.78046875 0.175 0.1109375 0.03515625
8 0.90859375 0.7421875 0.0328125 0.059375
8 0.8265625 0.82421875 0.05859375 0.03515625
8 0.52421875 0.8234375 0.05859375 0.03515625
8 0.378125 0.8234375 0.0640625 0.03515625
8 0.2828125 0.82265625 0.06328125 0.03359375
8 0.23125 0.2265625 0.03359375 0.065625
8 0.90859375 0.2578125 0.0328125 0.05546875
8 0.90859375 0.36875 0.0328125 0.05625
8 0.90859375 0.4984375 0.0328125 0.0421875
6 0.52421875 0.70546875 0.128125 0.2015625