0 0.9078125 0.875 0.0375 0.021875
0 0.13359375 0.875 0.0375 0.021875
0 0.12421875 0.55390625 0.01875 0.034375
0 0.134375 0.175 0.0359375 0.021875
0 0.540625 0.17578125 0.040625 0.021875
0 0.6328125 0.5 0.0359375 0.0171875
0 0.4515625 0.50078125 0.0375 0.015625
0 0.540625 0.87578125 0.0359375 0.0203125
0 0.89921875 0.17578125 0.040625 0.021875
8 0.92421875 0.6828125 0.04375 0.059375
8 0.91171875 0.334375 0.0421875 0.059375
1 0.928125 0.42109375 0.0703125 0.053125
1 0.640625 0.4640625 0.05 0.0390625
1 0.5953125 0.24296875 0.0515625 0.05625
1 0.44140625 0.46171875 0.0609375 0.04375
2 0.2265625 0.359375 0.0890625 0.059375
1 0.14375 0.41796875 0.0625 0.059375
0 0.9140625 0.55234375 0.021875 0.0375