0 0.1609375 0.46015625 0.00625 0.034375
0 0.246875 0.85078125 0.00625 0.0265625
0 0.8859375 0.075 0.00625 0.0265625
0 0.8859375 0.85078125 0.00625 0.025
8 0.16015625 0.60234375 0.009375 0.121875
8 0.8859375 0.6953125 0.00625 0.1484375
8 0.846875 0.065625 0.040625 0.0078125
1 0.83359375 0.153125 0.040625 0.04375
1 0.7890625 0.18515625 0.034375 0.0375
1 0.78203125 0.4390625 0.0421875 0.0609375
1 0.6953125 0.578125 0.05 0.071875
1 0.63515625 0.6421875 0.04375 0.046875
1 0.271875 0.77109375 0.0375 0.040625
1 0.29921875 0.57890625 0.05 0.071875
1 0.3796875 0.6390625 0.0375 0.040625
1 0.47265625 0.6421875 0.04375 0.046875
6 0.45625 0.49296875 0.2640625 0.084375
5 0.66171875 0.76171875 0.00625 0.1453125
5 0.85078125 0.43828125 0.00625 0.134375