0 0.92421875 0.88046875 0.03125 0.009375
0 0.92421875 0.6359375 0.03125 0.00625
0 0.77890625 0.4578125 0.03125 0.009375
0 0.7671875 0.08046875 0.03125 0.009375
0 0.45703125 0.08046875 0.03125 0.009375
0 0.09609375 0.146875 0.03125 0.0078125
0 0.459375 0.4578125 0.0296875 0.009375
0 0.09609375 0.8796875 0.03125 0.00625
0 0.4484375 0.8796875 0.03125 0.00625
0 0.6015625 0.88046875 0.03125 0.009375
2 0.78203125 0.65546875 0.084375 0.046875
8 0.9359375 0.7609375 0.009375 0.1234375
8 0.8328125 0.4578125 0.0484375 0.009375
8 0.6125 0.08046875 0.090625 0.009375
8 0.08515625 0.21875 0.009375 0.0546875
8 0.08515625 0.390625 0.009375 0.0625
8 0.08515625 0.53125 0.009375 0.090625
8 0.08515625 0.740625 0.009375 0.1015625
8 0.525 0.90078125 0.090625 0.009375
8 0.68125 0.88046875 0.0390625 0.009375
1 0.7 0.778125 0.05 0.05
1 0.703125 0.65390625 0.04375 0.04375
1 0.871875 0.571875 0.06875 0.05625
1 0.4921875 0.54609375 0.0390625 0.040625
1 0.36953125 0.74921875 0.046875 0.05
1 0.3671875 0.4109375 0.0578125 0.046875
1 0.4046875 0.1671875 0.04375 0.046875