0 0.81796875 0.76640625 0.021875 0.04375
0 0.81796875 0.4765625 0.0203125 0.040625
0 0.6078125 0.30625 0.01875 0.0421875
0 0.46328125 0.1875 0.0390625 0.015625
0 0.19140625 0.20078125 0.0171875 0.0421875
0 0.18828125 0.45390625 0.0109375 0.0421875
0 0.18828125 0.66953125 0.0109375 0.0421875
0 0.4578125 0.76640625 0.01875 0.04375
8 0.26640625 0.68515625 0.11875 0.0125
8 0.36015625 0.68515625 0.0265625 0.0125
8 0.4578125 0.72421875 0.01875 0.028125
8 0.596875 0.78046875 0.0375 0.015625
8 0.81796875 0.69765625 0.021875 0.0421875
8 0.81796875 0.5734375 0.0203125 0.040625
8 0.6078125 0.37109375 0.01875 0.0453125
8 0.3296875 0.1875 0.140625 0.0140625
8 0.19140625 0.30546875 0.0171875 0.040625
8 0.18828125 0.5734375 0.009375 0.028125
1 0.36953125 0.61953125 0.03125 0.021875
1 0.365625 0.57734375 0.040625 0.034375
1 0.41953125 0.62421875 0.0375 0.0546875
1 0.48828125 0.6578125 0.0390625 0.04375
1 0.60390625 0.6578125 0.0375 0.04375
1 0.6484375 0.6578125 0.040625 0.04375
1 0.68046875 0.621875 0.025 0.025
1 0.6484375 0.58359375 0.0375 0.0453125
1 0.6453125 0.484375 0.0375 0.05625
1 0.48046875 0.36328125 0.0359375 0.0359375
2 0.425 0.44375 0.0625 0.0453125
2 0.54609375 0.31015625 0.0625 0.05
2 0.46484375 0.2359375 0.0375 0.0375