1 0.7203125 0.3703125 0.0625 0.090625
8 0.8296875 0.3328125 0.1234375 0.0125
0 0.9109375 0.3578125 0.009375 0.0640625
8 0.9109375 0.58828125 0.009375 0.2421875
0 0.9109375 0.846875 0.009375 0.0625
0 0.68046875 0.23515625 0.0109375 0.0625
0 0.4546875 0.2359375 0.009375 0.0625
8 0.40234375 0.2109375 0.0546875 0.0125
0 0.1171875 0.2109375 0.034375 0.0125
0 0.10546875 0.2421875 0.009375 0.05
8 0.10625 0.40390625 0.009375 0.15625
1 0.140625 0.65703125 0.078125 0.0921875
8 0.10625 0.77421875 0.009375 0.0796875
0 0.10625 0.846875 0.009375 0.0625
8 0.584375 0.87265625 0.13125 0.0125
0 0.49296875 0.846875 0.009375 0.0625
6 0.29921875 0.815625 0.3765625 0.103125
1 0.3125 0.5421875 0.078125 0.0890625
1 0.37890625 0.44609375 0.0515625 0.0734375
1 0.378125 0.53828125 0.06875 0.0796875
5 0.30546875 0.34765625 0.009375 0.1765625
0 0.8953125 0.871875 0.021875 0.0125
1 0.4484375 0.72734375 0.05 0.075