0 0.865625 0.4859375 0.0078125 0.02109375
0 0.865625 0.78828125 0.0078125 0.02109375
0 0.71640625 0.93046875 0.009375 0.02109375
0 0.71640625 0.78125 0.009375 0.02109375
0 0.71640625 0.48515625 0.009375 0.02109375
0 0.509375 0.48203125 0.021875 0.0140625
0 0.34609375 0.48203125 0.02265625 0.0140625
0 0.515625 0.78125 0.009375 0.02109375
0 0.13828125 0.48203125 0.021875 0.0140625
0 0.1765625 0.178125 0.02265625 0.01484375
0 0.1828125 0.040625 0.01015625 0.02109375
0 0.34375 0.03515625 0.0171875 0.01171875
0 0.4765625 0.040625 0.009375 0.02109375
0 0.34375 0.2640625 0.0171875 0.0125
0 0.51171875 0.2640625 0.01640625 0.0125
8 0.865625 0.43046875 0.01015625 0.084375
8 0.86875 0.63359375 0.015625 0.04453125
8 0.8875 0.83671875 0.0078125 0.06796875
8 0.8875 0.92578125 0.00703125 0.0671875
8 0.86171875 0.9671875 0.03984375 0.01015625
8 0.803125 0.9671875 0.040625 0.009375
8 0.71640625 0.90078125 0.0109375 0.034375
8 0.71640625 0.83125 0.0109375 0.0359375
8 0.68828125 0.78515625 0.0328125 0.015625
8 0.63984375 0.78515625 0.0328125 0.015625
8 0.5921875 0.78515625 0.03359375 0.01640625
8 0.54453125 0.78515625 0.03359375 0.01640625
8 0.515625 0.72109375 0.01171875 0.05
8 0.51640625 0.63359375 0.01171875 0.0515625
8 0.515625 0.54609375 0.01171875 0.0515625
8 0.71640625 0.71796875 0.01171875 0.04765625
8 0.68125 0.48203125 0.0390625 0.01640625
8 0.61640625 0.48203125 0.065625 0.01640625
8 0.55078125 0.48125 0.0375 0.01484375
8 0.45546875 0.48203125 0.0328125 0.015625
8 0.41015625 0.48203125 0.03203125 0.015625
8 0.28359375 0.48203125 0.0328125 0.01640625
8 0.2578125 0.55078125 0.009375 0.084375
8 0.13125 0.55078125 0.0109375 0.084375
8 0.3015625 0.2953125 0.01328125 0.05390625
8 0.684375 0.37734375 0.03046875 0.01875
8 0.55 0.3765625 0.03046875 0.01640625
8 0.515625 0.31953125 0.01171875 0.05078125
8 0.4765625 0.16484375 0.01171875 0.04453125
8 0.4765625 0.07734375 0.0109375 0.0421875
8 0.43203125 0.0359375 0.07109375 0.0140625
8 0.309375 0.03515625 0.034375 0.01328125
8 0.1828125 0.10078125 0.01171875 0.04296875
1 0.1390625 0.22890625 0.03828125 0.05703125
1 0.13984375 0.31640625 0.0390625 0.0578125
1 0.1390625 0.4046875 0.0375 0.05390625
1 0.2953125 0.15 0.02734375 0.03984375
6 0.425 0.321875 0.1765625 0.11171875
1 0.6 0.38828125 0.03359375 0.04140625
1 0.6328125 0.38828125 0.03046875 0.04140625
2 0.30546875 0.42890625 0.03125 0.084375