0 0.12890625 0.21953125 0.021875 0.05
0 0.4046875 0.20625 0.046875 0.021875
0 0.7765625 0.20625 0.046875 0.021875
0 0.9046875 0.4578125 0.046875 0.021875
0 0.9171875 0.88203125 0.021875 0.05
0 0.44140625 0.8953125 0.046875 0.021875
0 0.12890625 0.88203125 0.021875 0.05
0 0.14140625 0.45703125 0.046875 0.021875
0 0.44140625 0.45703125 0.046875 0.021875
8 0.12890625 0.78203125 0.021875 0.109375
8 0.12890625 0.56875 0.021875 0.109375
8 0.12890625 0.33203125 0.021875 0.1078125
8 0.7890625 0.33203125 0.021875 0.1078125
8 0.9171875 0.75078125 0.021875 0.1078125
8 0.83515625 0.8953125 0.103125 0.021875
8 0.5359375 0.8953125 0.103125 0.021875
1 0.4265625 0.55859375 0.075 0.065625
1 0.4953125 0.64453125 0.0609375 0.075
1 0.8859375 0.5640625 0.084375 0.065625
1 0.53828125 0.33984375 0.0625 0.075