0 0.11484375 0.14296875 0.04375 0.021875
0 0.1109375 0.81953125 0.034375 0.009375
0 0.50546875 0.81875 0.028125 0.0125
0 0.8890625 0.82109375 0.0265625 0.0125
0 0.88671875 0.14140625 0.028125 0.009375
0 0.89765625 0.47734375 0.00625 0.0390625
0 0.4859375 0.5453125 0.0265625 0.0125
0 0.09921875 0.478125 0.00625 0.0359375
1 0.4125 0.396875 0.05625 0.075
1 0.47578125 0.2125 0.053125 0.0875
1 0.4125 0.57734375 0.0578125 0.078125
1 0.35 0.48203125 0.0609375 0.075
1 0.12734375 0.2953125 0.06875 0.0875
0 0.5078125 0.14140625 0.0265625 0.009375