0 0.68203125 0.86171875 0.01875 0.0375
0 0.16171875 0.85859375 0.01875 0.0421875
0 0.04140625 0.1859375 0.0578125 0.015625
0 0.89609375 0.2046875 0.01875 0.053125
8 0.29140625 0.87109375 0.171875 0.0171875
8 0.16171875 0.7109375 0.01875 0.171875
8 0.021875 0.3234375 0.01875 0.128125
8 0.3703125 0.18671875 0.13125 0.0171875
8 0.62890625 0.18671875 0.0859375 0.0171875
8 0.89609375 0.3140625 0.01875 0.0546875
8 0.68125 0.52734375 0.01875 0.0875
8 0.68125 0.75625 0.01875 0.1296875
1 0.8546875 0.44609375 0.05625 0.04375
1 0.65703125 0.59765625 0.059375 0.053125
1 0.60390625 0.65546875 0.05625 0.0390625
1 0.44609375 0.44921875 0.053125 0.0375
1 0.19453125 0.521875 0.084375 0.075
1 0.2078125 0.44296875 0.071875 0.0515625