0 0.7671875 0.14140625 0.0328125 0.009375
0 0.7671875 0.63046875 0.034375 0.009375
0 0.5984375 0.9265625 0.0328125 0.009375
0 0.21640625 0.8015625 0.034375 0.009375
0 0.1171875 0.54375 0.0328125 0.0078125
0 0.11796875 0.14140625 0.034375 0.009375
8 0.7796875 0.25859375 0.0078125 0.1015625
8 0.7796875 0.50390625 0.009375 0.1015625
8 0.528125 0.9265625 0.075 0.009375
8 0.25546875 0.9265625 0.0390625 0.009375
8 0.228125 0.86171875 0.009375 0.0859375
1 0.19453125 0.71640625 0.065625 0.0578125
1 0.45703125 0.43671875 0.04375 0.0515625
1 0.44765625 0.50625 0.0546875 0.0515625
1 0.51171875 0.509375 0.0515625 0.046875
1 0.446875 0.58125 0.0515625 0.046875
1 0.3953125 0.16171875 0.0453125 0.053125
6 0.32265625 0.58671875 0.196875 0.0765625
5 0.68515625 0.63046875 0.096875 0.009375
5 0.6109375 0.78046875 0.009375 0.0984375