0 0.934375 0.1140625 0.04375 0.028125
0 0.934375 0.621875 0.04375 0.0296875
0 0.05625 0.621875 0.04375 0.028125
0 0.05703125 0.1140625 0.04375 0.028125
8 0.93515625 0.2640625 0.05 0.090625
8 0.934375 0.46875 0.046875 0.0453125
8 0.21484375 0.621875 0.075 0.03125
8 0.05625 0.2640625 0.046875 0.0875
1 0.928125 0.55 0.0609375 0.0546875
1 0.7484375 0.44765625 0.053125 0.05
1 0.6421875 0.50234375 0.06875 0.0484375
1 0.23984375 0.47578125 0.0609375 0.0546875
1 0.06328125 0.47578125 0.0609375 0.053125
1 0.4953125 0.12890625 0.090625 0.0625
6 0.45390625 0.54375 0.2 0.13125