0 0.16640625 0.87421875 0.046875 0.01875
0 0.15546875 0.48359375 0.025 0.04375
0 0.16640625 0.11328125 0.046875 0.0171875
0 0.6515625 0.1125 0.046875 0.0171875
0 0.65234375 0.3890625 0.046875 0.0234375
0 0.88984375 0.53671875 0.046875 0.021875
0 0.88984375 0.71875 0.046875 0.0109375
0 0.88984375 0.87890625 0.046875 0.009375
0 0.46328125 0.87421875 0.046875 0.01875
8 0.56875 0.878125 0.0625 0.0125
8 0.1546875 0.7859375 0.028125 0.059375
8 0.1546875 0.6796875 0.028125 0.0515625
8 0.1546875 0.571875 0.028125 0.090625
8 0.1546875 0.3828125 0.028125 0.090625
8 0.15546875 0.28828125 0.028125 0.09375
8 0.9015625 0.63125 0.0296875 0.0625
1 0.515625 0.74765625 0.06875 0.071875
1 0.38515625 0.68515625 0.0546875 0.046875
1 0.43984375 0.75390625 0.0640625 0.0625
1 0.44921875 0.56015625 0.08125 0.075
1 0.590625 0.4453125 0.1 0.071875
2 0.54453125 0.13359375 0.1 0.065625