0 0.93515625 0.06796875 0.034375 0.021875
0 0.9421875 0.865625 0.0203125 0.0484375
0 0.10703125 0.8640625 0.0203125 0.0515625
0 0.1140625 0.06796875 0.034375 0.021875
8 0.78203125 0.06796875 0.2015625 0.021875
8 0.9421875 0.228125 0.0203125 0.2015625
8 0.9421875 0.465625 0.0203125 0.059375
8 0.9421875 0.71875 0.0203125 0.2015625
8 0.7828125 0.87890625 0.2015625 0.021875
8 0.3859375 0.87890625 0.121875 0.021875
8 0.2078125 0.87890625 0.121875 0.021875
8 0.10703125 0.7453125 0.0203125 0.11875
8 0.10703125 0.5125 0.0203125 0.11875
8 0.10703125 0.228125 0.0203125 0.2015625
8 0.28828125 0.06796875 0.2 0.021875
8 0.54453125 0.06796875 0.0578125 0.021875
1 0.48359375 0.19453125 0.05 0.071875
1 0.44921875 0.32890625 0.059375 0.084375
1 0.64140625 0.3296875 0.059375 0.084375
1 0.78828125 0.50546875 0.05 0.071875
2 0.54609375 0.8515625 0.134375 0.075