0 0.15 0.12890625 0.0328125 0.0140625
0 0.4015625 0.12890625 0.0328125 0.0140625
0 0.14765625 0.31015625 0.0296875 0.0140625
0 0.7875 0.325 0.03125 0.0203125
0 0.7875 0.8984375 0.0328125 0.0203125
0 0.528125 0.8984375 0.03125 0.0203125
0 0.26171875 0.73671875 0.03125 0.0203125
0 0.14765625 0.62265625 0.0296875 0.0203125
8 0.275 0.12890625 0.021875 0.0140625
8 0.4125 0.21015625 0.009375 0.10625
8 0.50390625 0.325 0.021875 0.0203125
8 0.57578125 0.325 0.0203125 0.0203125
8 0.79453125 0.42109375 0.015625 0.071875
8 0.79453125 0.58984375 0.0171875 0.0734375
8 0.79453125 0.7796875 0.0171875 0.0734375
8 0.6015625 0.8984375 0.0484375 0.0203125
8 0.4234375 0.73671875 0.0484375 0.0203125
8 0.2015625 0.62265625 0.078125 0.0203125
8 0.140625 0.53125 0.015625 0.14375
1 0.38828125 0.296875 0.0265625 0.0390625
1 0.39609375 0.346875 0.0421875 0.028125
1 0.38671875 0.415625 0.04375 0.0515625
1 0.4453125 0.403125 0.0390625 0.059375
1 0.5046875 0.42890625 0.0296875 0.0328125
1 0.57890625 0.42890625 0.0265625 0.0328125
1 0.65390625 0.48203125 0.04375 0.0453125
1 0.6578125 0.56875 0.0515625 0.0484375
1 0.2734375 0.69375 0.0546875 0.0421875
1 0.378125 0.60703125 0.0296875 0.028125
1 0.496875 0.7234375 0.028125 0.046875
1 0.5796875 0.66640625 0.046875 0.04375
1 0.640625 0.746875 0.0390625 0.04375
1 0.703125 0.70078125 0.0484375 0.0484375