0 0.98046875 0.57578125 0.00625 0.028125
0 0.98046875 0.2921875 0.00625 0.01875
0 0.03046875 0.38828125 0.00625 0.01875
0 0.03046875 0.58125 0.00625 0.0171875
8 0.03046875 0.52578125 0.00625 0.0296875
8 0.03046875 0.48515625 0.00625 0.046875
8 0.03046875 0.44296875 0.00625 0.0296875
8 0.3484375 0.6546875 0.00625 0.028125
8 0.3484375 0.33203125 0.00625 0.0421875
8 0.39921875 0.2859375 0.0375 0.00625
8 0.52578125 0.2859375 0.0375 0.00625
8 0.8078125 0.2859375 0.0375 0.00625
8 0.98046875 0.4109375 0.00625 0.0359375
8 0.98046875 0.37265625 0.00625 0.0359375
8 0.5421875 0.5734375 0.00625 0.01875
8 0.58125 0.73359375 0.0375 0.0046875
8 0.39921875 0.6828125 0.046875 0.00625
8 0.45 0.6828125 0.046875 0.00625
6 0.812777778125 0.5832274453124999 0.812777778125 0.54135959375 0.68174603125 0.5412960609375 0.6815873015625 0.4650571796875 0.6171428578125 0.4650571796875 0.61674603125 0.46574968281249995 0.6166666671875001 0.5831639140625 0.812777778125 0.5832274453124999
2 0.83671875 0.31640625 0.00625 0.05625
1 0.5025287890625 0.62454630625 0.5288888890625 0.6469504453125 0.5580380968750001 0.623744453125 0.535993175 0.602644884375 0.5025287890625 0.62454630625
1 0.53515625 0.55078125 0.021875 0.025
1 0.55546875 0.5171875 0.0328125 0.0296875
1 0.4953125 0.44140625 0.0421875 0.0375
1 0.60859375 0.3328125 0.046875 0.034375
1 0.659375 0.37265625 0.0375 0.034375
1 0.70546875 0.3328125 0.046875 0.034375
1 0.76875 0.36796875 0.0375 0.034375
1 0.790625 0.328125 0.03125 0.028125
1 0.94921875 0.3328125 0.0453125 0.03125