0 0.0390625 0.19453125 0.0125 0.01875
0 0.31015625 0.19453125 0.0125 0.01875
0 0.784375 0.29140625 0.0125 0.01875
0 0.784375 0.83046875 0.0125 0.01875
0 0.6421875 0.83359375 0.0234375 0.009375
0 0.5 0.8296875 0.0125 0.01875
0 0.396875 0.659375 0.0125 0.01875
0 0.56875 0.659375 0.0125 0.01875
0 0.64375 0.60546875 0.021875 0.009375
0 0.0390625 0.346875 0.0125 0.01875
0 0.30546875 0.35078125 0.021875 0.009375
0 0.396875 0.35859375 0.0125 0.01875
0 0.51640625 0.4921875 0.0125 0.01875
0 0.56953125 0.4921875 0.0125 0.01875
8 0.3109375 0.22578125 0.015625 0.0359375
8 0.35234375 0.296875 0.046875 0.0109375
8 0.52421875 0.296875 0.0453125 0.0109375
8 0.62265625 0.2859375 0.0453125 0.009375
8 0.7328125 0.2859375 0.0453125 0.0078125
8 0.78515625 0.7640625 0.015625 0.0359375
8 0.78515625 0.80625 0.015625 0.03125
6 0.546875 0.4265625 0.0625 0.1546875