0 0.140625 0.1390625 0.0140625 0.0390625
0 0.346875 0.1390625 0.0140625 0.0390625
0 0.5140625 0.1390625 0.0140625 0.0390625
0 0.81953125 0.1390625 0.0140625 0.0390625
0 0.81328125 0.56015625 0.0265625 0.0203125
0 0.81796875 0.76015625 0.0171875 0.0296875
0 0.65546875 0.8328125 0.0140625 0.0390625
0 0.4734375 0.84921875 0.0140625 0.0390625
0 0.140625 0.8484375 0.0140625 0.0390625
0 0.140625 0.54609375 0.0140625 0.0390625
0 0.46796875 0.5375 0.025 0.0203125
5 0.25078125 0.12421875 0.0890625 0.009375
5 0.63359375 0.12421875 0.090625 0.009375
5 0.7640625 0.12421875 0.090625 0.009375
8 0.5703125 0.84609375 0.084375 0.0109375
8 0.13828125 0.44453125 0.0078125 0.084375
5 0.35078125 0.4234375 0.00625 0.084375
5 0.5296875 0.6609375 0.0796875 0.0078125
1 0.3703125 0.1875 0.046875 0.0578125
1 0.3765625 0.28515625 0.0484375 0.0578125
1 0.4265625 0.36484375 0.0484375 0.0609375
1 0.4921875 0.43671875 0.04375 0.0578125
1 0.54140625 0.55390625 0.040625 0.0546875
1 0.76171875 0.6046875 0.0484375 0.059375
1 0.728125 0.60703125 0.0546875 0.0703125
1 0.6171875 0.6640625 0.0484375 0.0640625
1 0.42890625 0.503125 0.0484375 0.0625
1 0.3703125 0.50390625 0.0453125 0.05
8 0.82265625 0.3171875 0.0078125 0.084375
8 0.82265625 0.22734375 0.0078125 0.084375