1 0.79296875 0.728125 0.10625 0.046875
1 0.4390625 0.66015625 0.084375 0.0421875
1 0.37890625 0.71015625 0.075 0.040625
1 0.43359375 0.4984375 0.078125 0.046875
1 0.315625 0.55234375 0.103125 0.046875
8 0.3578125 0.8484375 0.103125 0.0296875
8 0.5796875 0.86875 0.14375 0.046875
0 0.26796875 0.85625 0.075 0.01875
0 0.809375 0.8578125 0.08125 0.01875
0 0.809375 0.18359375 0.078125 0.01875
0 0.2703125 0.17890625 0.071875 0.0109375
0 0.271875 0.5203125 0.06875 0.021875
0 0.8234375 0.5171875 0.0328125 0.01875
8 0.821875 0.56015625 0.065625 0.0609375
8 0.821875 0.47890625 0.05 0.046875
8 0.82265625 0.32890625 0.0640625 0.053125
8 0.8234375 0.25859375 0.05 0.046875