1 0.6390625 0.3046875 0.084375 0.059375
8 0.675 0.20234375 0.0125 0.115625
0 0.65078125 0.12578125 0.059375 0.009375
8 0.43515625 0.12578125 0.2265625 0.0109375
0 0.19296875 0.12578125 0.059375 0.0109375
0 0.765625 0.3421875 0.059375 0.009375
0 0.765625 0.55390625 0.059375 0.0078125
8 0.7890625 0.603125 0.0125 0.0515625
0 0.7890625 0.8703125 0.0125 0.03125
0 0.759375 0.88046875 0.046875 0.0109375
8 0.6078125 0.88046875 0.1453125 0.009375
1 0.3703125 0.84765625 0.0859375 0.0734375
8 0.2609375 0.88046875 0.075 0.009375
0 0.19296875 0.88046875 0.059375 0.009375
8 0.16875 0.43203125 0.0109375 0.1234375
0 0.19296875 0.51796875 0.059375 0.0109375
6 0.221875 0.69921875 0.096875 0.353125
1 0.47890625 0.6875 0.0828125 0.0734375
1 0.56796875 0.62421875 0.06875 0.0484375
1 0.48203125 0.625 0.075 0.065625
5 0.6609375 0.69375 0.165625 0.0109375
0 0.16953125 0.14140625 0.0125 0.0203125
1 0.3046875 0.559375 0.0703125 0.046875