0 0.64375 0.2375 0.0546875 0.0421875
0 0.58984375 0.49453125 0.0484375 0.04296875
0 0.2421875 0.509375 0.05 0.0421875
0 0.59140625 0.67265625 0.053125 0.0421875
1 0.5171875 0.328125 0.0578125 0.01328125
1 0.515625 0.4984375 0.0578125 0.01015625
1 0.64375 0.490625 0.05078125 0.01171875
1 0.7796875 0.525 0.01640625 0.0609375
1 0.64375 0.55859375 0.05078125 0.01640625
8 0.2515625 0.5984375 0.02109375 0.09375
8 0.71875 0.6515625 0.02109375 0.03671875
8 0.4546875 0.328125 0.05703125 0.0109375
8 0.7328125 0.25078125 0.1171875 0.0125