0 0.85390625 0.11953125 0.0359375 0.015625
0 0.53828125 0.11953125 0.0375 0.015625
0 0.3375 0.11953125 0.0359375 0.015625
0 0.3375 0.49765625 0.0359375 0.015625
0 0.06796875 0.49765625 0.0359375 0.015625
0 0.06796875 0.85859375 0.0359375 0.015625
0 0.3765625 0.85859375 0.034375 0.015625
0 0.540625 0.85859375 0.0359375 0.015625
0 0.85390625 0.85859375 0.0359375 0.015625
0 0.85390625 0.47578125 0.0359375 0.015625
0 0.5375 0.6125 0.0375 0.015625
0 0.52421875 0.4984375 0.0125 0.04375
8 0.86640625 0.30546875 0.009375 0.18125
8 0.325 0.296875 0.009375 0.090625
8 0.05390625 0.675 0.00625 0.15625
1 0.696875 0.51953125 0.065625 0.06875
1 0.61640625 0.6484375 0.0578125 0.078125
1 0.559375 0.5609375 0.078125 0.08125
1 0.403125 0.64765625 0.0578125 0.078125
1 0.32421875 0.55546875 0.078125 0.08125
5 0.3109375 0.73671875 0.00625 0.1640625
6 0.44140625 0.3015625 0.15625 0.35625