0 0.84296875 0.21640625 0.028125 0.0609375
0 0.1765625 0.21640625 0.028125 0.059375
0 0.1765625 0.78046875 0.028125 0.059375
0 0.84296875 0.78046875 0.028125 0.0609375
8 0.84296875 0.70078125 0.03125 0.103125
8 0.84296875 0.36875 0.03125 0.1296875
8 0.68671875 0.19765625 0.165625 0.028125
8 0.36171875 0.19765625 0.1671875 0.025
8 0.1765625 0.6453125 0.0328125 0.13125
8 0.3171875 0.8 0.165625 0.028125
8 0.71328125 0.79921875 0.16875 0.03125
1 0.71015625 0.51875 0.084375 0.0890625
1 0.59765625 0.43828125 0.115625 0.084375
1 0.61640625 0.6078125 0.11875 0.0828125
1 0.409375 0.52421875 0.103125 0.1
1 0.2078125 0.42578125 0.10625 0.09375