0 0.8265625 0.1859375 0.01640625 0.05234375
0 0.6703125 0.16875 0.0453125 0.0203125
0 0.5578125 0.1859375 0.01796875 0.05546875
0 0.2703125 0.271875 0.0171875 0.05546875
0 0.26953125 0.4 0.0171875 0.05546875
0 0.4828125 0.340625 0.0171875 0.06484375
0 0.65625 0.3015625 0.0171875 0.05546875
0 0.8125 0.4125 0.04453125 0.02265625
0 0.8125 0.5625 0.04296875 0.021875
0 0.26953125 0.821875 0.0171875 0.06640625
0 0.45625 0.8265625 0.01796875 0.075
0 0.6203125 0.8265625 0.0171875 0.075
0 0.82578125 0.8546875 0.0171875 0.05546875
5 0.3625 0.8 0.15546875 0.0203125
8 0.534375 0.8 0.0984375 0.0203125
8 0.71953125 0.8734375 0.1296875 0.02109375
8 0.82578125 0.26875 0.01484375 0.1234375
8 0.6265625 0.31875 0.0328125 0.0203125
8 0.409375 0.16875 0.10390625 0.0203125
1 0.5859375 0.55859375 0.05390625 0.0109375
1 0.64609375 0.5578125 0.05390625 0.01171875
1 0.76875 0.584375 0.0421875 0.0109375
1 0.45234375 0.4078125 0.05 0.0109375
1 0.503125 0.4078125 0.040625 0.01171875
1 0.3015625 0.3859375 0.0546875 0.01171875
1 0.4796875 0.2859375 0.009375 0.05234375
1 0.659375 0.35078125 0.00859375 0.0515625
7 0.57890625 0.31875 0.034375 0.01953125
7 0.55703125 0.24375 0.015625 0.04296875
7 0.79453125 0.4921875 0.01640625 0.04375