0 0.21640625 0.13515625 0.0421875 0.021875
0 0.60859375 0.1359375 0.04296875 0.0171875
0 0.625 0.3703125 0.01796875 0.04765625
0 0.20859375 0.46796875 0.0296875 0.04921875
0 0.21171875 0.8515625 0.03359375 0.04921875
0 0.9015625 0.853125 0.0265625 0.04453125
8 0.903125 0.47109375 0.02734375 0.046875
8 0.2078125 0.6734375 0.03046875 0.1046875
8 0.5015625 0.86484375 0.103125 0.02265625
8 0.89921875 0.5609375 0.03828125 0.07734375
8 0.4125 0.13828125 0.10390625 0.0328125
1 0.31875 0.53828125 0.065625 0.0671875
1 0.58359375 0.6140625 0.053125 0.06640625
1 0.71015625 0.58828125 0.06171875 0.07734375
8 0.20234375 0.29609375 0.0265625 0.1140625
6 0.46171875 0.5171875 0.08359375 0.11953125
1 0.52421875 0.48984375 0.05234375 0.07890625
1 0.5984375 0.421875 0.071875 0.06015625
2 0.884375 0.7515625 0.06796875 0.08203125
2 0.68203125 0.84296875 0.09296875 0.075
2 0.321875 0.84140625 0.090625 0.0765625