0 0.1328125 0.59375 0.025 0.0234375
0 0.13359375 0.08671875 0.025 0.0234375
0 0.59375 0.08359375 0.03125 0.015625
0 0.61796875 0.17109375 0.03125 0.015625
0 0.62421875 0.22109375 0.03125 0.015625
0 0.51484375 0.22109375 0.03125 0.015625
0 0.83515625 0.18515625 0.0125 0.04375
0 0.82421875 0.7859375 0.03125 0.015625
0 0.4125 0.7859375 0.03125 0.015625
0 0.4 0.66953125 0.0125 0.04375
0 0.2859375 0.65625 0.03125 0.015625
0 0.27578125 0.6078125 0.0125 0.04375
0 0.634375 0.6953125 0.0125 0.04375
0 0.5046875 0.6953125 0.0109375 0.04375
8 0.6765625 0.16796875 0.0609375 0.009375
8 0.690625 0.60390625 0.0609375 0.015625
8 0.56953125 0.7109375 0.0921875 0.0125
1 0.6609375 0.278125 0.059375 0.071875
1 0.58515625 0.19921875 0.0359375 0.0578125
1 0.528125 0.278125 0.059375 0.071875
8 0.5515625 0.08125 0.03125 0.009375
6 0.79140625 0.409375 0.0796875 0.403125
6 0.565625 0.49296875 0.115625 0.359375
0 0.73671875 0.60390625 0.03125 0.015625