0 0.75 0.2078125 0.06796875 0.0203125
0 0.88984375 0.47734375 0.06796875 0.02109375
0 0.91015625 0.7609375 0.0265625 0.0546875
0 0.22734375 0.77734375 0.06640625 0.0203125
0 0.32578125 0.47734375 0.06796875 0.02109375
0 0.36796875 0.20859375 0.06875 0.02109375
8 0.66484375 0.20859375 0.078125 0.02421875
8 0.77109375 0.30625 0.03203125 0.1234375
8 0.9109375 0.62109375 0.03359375 0.1953125
8 0.703125 0.77734375 0.08203125 0.02734375
8 0.49140625 0.778125 0.159375 0.028125
8 0.20625 0.70078125 0.0359375 0.06640625
8 0.20546875 0.553125 0.0359375 0.06875
8 0.34765625 0.28359375 0.034375 0.06640625
1 0.44765625 0.34765625 0.06171875 0.04140625
1 0.5515625 0.38046875 0.03984375 0.03125
1 0.54921875 0.4171875 0.03515625 0.028125
1 0.5515625 0.4515625 0.040625 0.03125
1 0.31484375 0.75234375 0.1015625 0.0796875
1 0.378125 0.5609375 0.09296875 0.08046875
1 0.8421875 0.7515625 0.103125 0.07890625