1 0.11328125 0.4 0.02890625 0.009375
1 0.159375 0.41875 0.00546875 0.0359375
1 0.240625 0.4078125 0.00625 0.03671875
1 0.29375 0.375 0.00703125 0.0390625
1 0.32109375 0.4015625 0.0328125 0.009375
1 0.340625 0.446875 0.00625 0.03203125
1 0.40234375 0.43125 0.028125 0.01015625
1 0.43359375 0.43203125 0.0296875 0.0109375
1 0.4953125 0.4453125 0.00625 0.0359375
1 0.515625 0.403125 0.03203125 0.01171875
1 0.11484375 0.5421875 0.02578125 0.00859375
1 0.721875 0.475 0.03203125 0.009375
1 0.7921875 0.4484375 0.00625 0.04765625
1 0.7734375 0.425 0.02734375 0.00859375
1 0.80546875 0.3796875 0.00703125 0.03828125
1 0.7296875 0.346875 0.02578125 0.01328125
1 0.74921875 0.3203125 0.00859375 0.03203125
1 0.7296875 0.2296875 0.03359375 0.00703125
1 0.46640625 0.2296875 0.0390625 0.00859375
8 0.21875 0.6546875 0.1234375 0.0140625
8 0.3390625 0.6546875 0.1125 0.0140625
8 0.475 0.6546875 0.11328125 0.0140625
8 0.63046875 0.6546875 0.15078125 0.01484375
8 0.7515625 0.65703125 0.08046875 0.009375
1 0.84375 0.6109375 0.0296875 0.01015625
1 0.84765625 0.5421875 0.0390625 0.00859375
0 0.08046875 0.615625 0.0234375 0.15546875
0 0.15078125 0.61484375 0.0265625 0.1546875
0 0.40703125 0.5953125 0.03359375 0.1421875
0 0.54375 0.5953125 0.0328125 0.13984375
0 0.8 0.615625 0.0234375 0.15546875
0 0.88671875 0.615625 0.0234375 0.15625
0 0.7984375 0.2890625 0.021875 0.12890625
0 0.71171875 0.28984375 0.0125 0.1296875
0 0.540625 0.2890625 0.0265625 0.13203125
0 0.6296875 0.34609375 0.1625 0.0171875
0 0.409375 0.28359375 0.028125 0.11875
0 0.271875 0.34609375 0.2640625 0.0171875