0 0.178125 0.1 0.009375 0.01875
0 0.1890625 0.09375 0.0125 0.0078125
0 0.8296875 0.8625 0.00859375 0.01953125
0 0.81875 0.86796875 0.01328125 0.00859375
8 0.3671875 0.09453125 0.0953125 0.0078125
8 0.178125 0.28671875 0.01015625 0.03125
8 0.178125 0.41640625 0.009375 0.07109375
8 0.25078125 0.8359375 0.00859375 0.04453125
5 0.25078125 0.71640625 0.00859375 0.0640625
8 0.38125 0.91484375 0.07890625 0.0078125
8 0.7296875 0.86875 0.0796875 0.00859375
1 0.5703125 0.846875 0.04765625 0.0515625
1 0.65234375 0.621875 0.0578125 0.05
1 0.74296875 0.66640625 0.04921875 0.04296875
8 0.8296875 0.671875 0.00859375 0.03203125
8 0.8296875 0.55546875 0.00859375 0.0640625
6 0.6894453984375 0.6027268765625 0.8257668718750001 0.6028291625 0.8258920249999999 0.5082698578125 0.6107087453125 0.508282865625 0.610344034375 0.553725909375 0.6895680984375 0.553867246875 0.6894453984375 0.6027268765625
1 0.26953125 0.30703125 0.0484375 0.05234375
1 0.4484375 0.30703125 0.05 0.03984375
1 0.51171875 0.38203125 0.04921875 0.03515625
1 0.52734375 0.46953125 0.05078125 0.03671875
1 0.6015625 0.4703125 0.04921875 0.0359375