8 0.72421875 0.78984375 0.09375 0.01640625
8 0.56171875 0.78984375 0.0828125 0.01796875
8 0.3984375 0.690625 0.0234375 0.07421875
8 0.3984375 0.5484375 0.02265625 0.08515625
8 0.3984375 0.346875 0.02265625 0.07109375
8 0.39765625 0.234375 0.0203125 0.071875
8 0.5875 0.13359375 0.10390625 0.0171875
7 0.71953125 0.18203125 0.0640625 0.0171875
7 0.60625 0.69609375 0.02109375 0.03984375
7 0.665625 0.6984375 0.0203125 0.04375
0 0.425 0.1453125 0.10859375 0.0421875
0 0.3375 0.403125 0.11640625 0.0546875
0 0.4125 0.7625 0.06796875 0.0796875
1 0.659375 0.27890625 0.01953125 0.0671875
1 0.6078125 0.3859375 0.09609375 0.01875
1 0.78125 0.5078125 0.01953125 0.0875
1 0.7390625 0.6 0.0796875 0.015625
1 0.5546875 0.60078125 0.09453125 0.0171875