0 0.86328125 0.39921875 0.025 0.02265625
0 0.86328125 0.8984375 0.02421875 0.02265625
0 0.41015625 0.9015625 0.03203125 0.015625
0 0.38671875 0.815625 0.03203125 0.015625
0 0.38046875 0.76640625 0.03125 0.015625
0 0.48828125 0.7671875 0.03125 0.01640625
0 0.1734375 0.8015625 0.01171875 0.04296875
0 0.1828125 0.21015625 0.03203125 0.01640625
0 0.58828125 0.21015625 0.03125 0.01640625
0 0.60078125 0.325 0.01171875 0.04296875
0 0.71328125 0.33828125 0.03125 0.01640625
0 0.72265625 0.3859375 0.01171875 0.04375
0 0.3703125 0.3 0.01171875 0.04375
0 0.49765625 0.3 0.0109375 0.04375
8 0.32890625 0.81875 0.06015625 0.009375
8 0.31484375 0.38984375 0.059375 0.015625
8 0.434375 0.284375 0.090625 0.01171875
1 0.34375 0.7109375 0.05859375 0.0703125
1 0.41875 0.7875 0.03515625 0.05625
1 0.475 0.7109375 0.0578125 0.0703125
8 0.4515625 0.9046875 0.03046875 0.009375
6 0.215625 0.58125 0.078125 0.39765625
6 0.4375 0.4984375 0.11484375 0.35390625
0 0.26953125 0.38984375 0.03046875 0.015625