0 0.16640625 0.11875 0.03671875 0.02109375
0 0.16640625 0.43125 0.03671875 0.02109375
0 0.16640625 0.8359375 0.03671875 0.02109375
0 0.39140625 0.13046875 0.01875 0.04453125
0 0.3953125 0.4125 0.01328125 0.05859375
0 0.61171875 0.13046875 0.01875 0.04453125
0 0.60859375 0.4125 0.01328125 0.05859375
0 0.61171875 0.82421875 0.01875 0.04453125
0 0.8640625 0.11875 0.0359375 0.02109375
0 0.8640625 0.43359375 0.03671875 0.02109375
0 0.8640625 0.8359375 0.03671875 0.02109375
8 0.121875 0.68359375 0.01015625 0.15234375
8 0.14140625 0.48359375 0.009375 0.08828125
0 0.39140625 0.82421875 0.01875 0.04453125
6 0.446875 0.66796875 0.09296875 0.315625