2 0.109375 0.1046875 0.128125 0.0734375
1 0.28671875 0.75 0.078125 0.05
1 0.34609375 0.81484375 0.05625 0.06875
1 0.50234375 0.89765625 0.06875 0.0765625
5 0.91328125 0.60078125 0.01875 0.1171875
8 0.91328125 0.275 0.0171875 0.1375
8 0.63125 0.07578125 0.159375 0.01875
8 0.040625 0.5875 0.01875 0.1390625
8 0.0390625 0.81484375 0.0171875 0.115625
0 0.040625 0.0890625 0.015625 0.040625
0 0.03984375 0.9125 0.015625 0.0421875
0 0.9125 0.9109375 0.0171875 0.040625
0 0.91328125 0.0890625 0.015625 0.040625