1 0.20859375 0.10859375 0.0328125 0.08359375
1 0.13203125 0.30390625 0.03125 0.071875
1 0.1359375 0.4046875 0.03203125 0.075
1 0.2125 0.40234375 0.03046875 0.071875
1 0.2328125 0.25 0.03671875 0.065625
2 0.484375 0.86171875 0.05625 0.071875
8 0.2515625 0.63046875 0.00703125 0.359375
8 0.378125 0.834375 0.14609375 0.0171875
8 0.59140625 0.834375 0.14609375 0.0171875
0 0.128125 0.1421875 0.03515625 0.02578125
0 0.115625 0.44921875 0.009375 0.0484375
0 0.24296875 0.43359375 0.025 0.0171875
0 0.571875 0.14609375 0.025 0.0328125
0 0.84375 0.1421875 0.03515625 0.02578125
0 0.84453125 0.83125 0.0359375 0.02578125
0 0.128125 0.83046875 0.03515625 0.025