1 0.23359375 0.825 0.046875 0.1203125
1 0.51171875 0.39140625 0.0515625 0.09375
1 0.68828125 0.45703125 0.053125 0.096875
1 0.64296875 0.19140625 0.053125 0.1171875
1 0.5140625 0.18203125 0.059375 0.1
8 0.1671875 0.61953125 0.028125 0.09375
8 0.8015625 0.7140625 0.034375 0.090625
8 0.80234375 0.2796875 0.034375 0.0953125
6 0.47265625 0.7546875 0.153125 0.1859375
1 0.57421875 0.6265625 0.04375 0.084375
0 0.1671875 0.834375 0.0296875 0.09375
0 0.80234375 0.8359375 0.03125 0.096875
0 0.803125 0.16015625 0.0328125 0.090625
0 0.16640625 0.16171875 0.03125 0.1015625