0 0.884375 0.09765625 0.02578125 0.0359375
0 0.884375 0.90859375 0.025 0.0359375
0 0.090625 0.90859375 0.02734375 0.0375
0 0.09140625 0.09765625 0.02578125 0.03671875
8 0.19140625 0.08828125 0.12421875 0.01953125
8 0.75703125 0.08828125 0.12421875 0.01953125
8 0.884375 0.2203125 0.0265625 0.1078125
8 0.884375 0.4578125 0.0265625 0.13359375
8 0.884375 0.61953125 0.0265625 0.0421875
8 0.884375 0.815625 0.0265625 0.140625
8 0.75390625 0.9171875 0.12421875 0.0203125
8 0.5203125 0.9171875 0.11171875 0.0203125
8 0.35390625 0.9171875 0.05 0.0203125
8 0.1921875 0.9171875 0.125 0.0203125
8 0.090625 0.82421875 0.02734375 0.11953125
8 0.090625 0.5265625 0.02734375 0.13359375
8 0.090625 0.39453125 0.0265625 0.0421875
8 0.090625 0.2140625 0.0265625 0.1078125
1 0.26015625 0.2875 0.09609375 0.06171875
1 0.26328125 0.37890625 0.08984375 0.05546875
1 0.2546875 0.64453125 0.10390625 0.065625
1 0.3703125 0.74765625 0.06171875 0.05546875