0 0.165625 0.884375 0.0375 0.021875
0 0.165625 0.56875 0.0375 0.021875
0 0.165625 0.159375 0.0375 0.021875
0 0.39375 0.87265625 0.0203125 0.0453125
0 0.396875 0.5875 0.0125 0.059375
0 0.61640625 0.87265625 0.01875 0.0453125
0 0.61328125 0.5875 0.0125 0.059375
0 0.61640625 0.17109375 0.01875 0.0453125
0 0.87109375 0.884375 0.0375 0.021875
0 0.87109375 0.56640625 0.0375 0.021875
0 0.87109375 0.159375 0.0375 0.021875
8 0.12109375 0.31328125 0.009375 0.153125
8 0.14140625 0.515625 0.009375 0.0890625
0 0.39375 0.17109375 0.0203125 0.0453125
6 0.45 0.3296875 0.09375 0.31875