0 0.08515625 0.89140625 0.009375 0.03125
0 0.09921875 0.9015625 0.01875 0.0109375
8 0.21796875 0.9015625 0.1109375 0.0109375
0 0.8828125 0.1 0.0265625 0.0109375
0 0.89140625 0.11484375 0.009375 0.0203125
8 0.89140625 0.259375 0.009375 0.1265625
8 0.89140625 0.45 0.009375 0.128125
8 0.89140625 0.640625 0.009375 0.128125
8 0.5421875 0.80625 0.1109375 0.0109375
8 0.39296875 0.725 0.0515625 0.0109375
8 0.08515625 0.72265625 0.009375 0.128125
8 0.08515625 0.46953125 0.009375 0.0578125
8 0.325 0.25 0.009375 0.128125
8 0.453125 0.1 0.1125 0.0109375
8 0.603125 0.1 0.075 0.0109375
8 0.7265625 0.1 0.0765625 0.0109375
8 0.840625 0.1 0.0578125 0.0109375
1 0.2234375 0.4765625 0.059375 0.059375
1 0.2921875 0.4046875 0.075 0.078125
1 0.4171875 0.5375 0.0515625 0.0671875
1 0.6015625 0.54765625 0.0671875 0.0875
2 0.76484375 0.69765625 0.09375 0.0640625