0 0.85859375 0.2359375 0.009375 0.021875
0 0.859375 0.4453125 0.009375 0.025
0 0.859375 0.66953125 0.009375 0.0234375
0 0.72578125 0.66953125 0.009375 0.0234375
0 0.58203125 0.771875 0.03125 0.03125
0 0.25859375 0.771875 0.03125 0.03125
0 0.253125 0.42578125 0.021875 0.01875
0 0.37421875 0.42578125 0.021875 0.01875
0 0.53359375 0.3640625 0.021875 0.0171875
0 0.60078125 0.29140625 0.021875 0.01875
0 0.7203125 0.29140625 0.021875 0.01875
0 0.7265625 0.23671875 0.009375 0.021875
0 0.72578125 0.4453125 0.009375 0.0234375
8 0.86015625 0.47265625 0.015625 0.034375
8 0.86015625 0.56953125 0.015625 0.0375
8 0.7921875 0.23125 0.109375 0.01875
8 0.66171875 0.290625 0.0640625 0.0234375
8 0.6796875 0.671875 0.0296875 0.021875
8 0.6421875 0.671875 0.028125 0.0234375
8 0.52109375 0.77890625 0.0640625 0.021875
8 0.45703125 0.3625 0.065625 0.0234375
8 0.596875 0.31875 0.021875 0.034375
1 0.74296875 0.5140625 0.0453125 0.040625
1 0.62265625 0.4796875 0.040625 0.028125
1 0.646875 0.60078125 0.04375 0.040625
1 0.60546875 0.61015625 0.0359375 0.028125
1 0.565625 0.596875 0.0453125 0.0421875
1 0.4765625 0.50390625 0.0390625 0.028125
1 0.38828125 0.39609375 0.040625 0.0359375
1 0.56640625 0.4234375 0.04375 0.04375
5 0.25 0.6796875 0.021875 0.11875
5 0.31328125 0.43203125 0.10625 0.0109375