0 0.15234375 0.8875 0.0078125 0.01875
0 0.41171875 0.9203125 0.015625 0.025
0 0.41015625 0.77890625 0.01875 0.0125
0 0.25546875 0.77890625 0.01875 0.0125
0 0.846875 0.85859375 0.0125 0.028125
0 0.73984375 0.0890625 0.0125 0.028125
0 0.15234375 0.0828125 0.009375 0.015625
8 0.4078125 0.365625 0.071875 0.009375
8 0.7390625 0.534375 0.0125 0.234375
8 0.73984375 0.446875 0.0125 0.0625
8 0.52734375 0.92890625 0.06875 0.00625
8 0.6015625 0.92890625 0.06875 0.00625
8 0.67734375 0.92890625 0.06875 0.00625
1 0.31484375 0.8640625 0.09375 0.065625
1 0.71484375 0.33046875 0.0625 0.053125
1 0.29609375 0.52890625 0.065625 0.046875
1 0.2921875 0.3859375 0.071875 0.05
1 0.20546875 0.84140625 0.06875 0.028125
6 0.20390625 0.678125 0.0953125 0.190625
5 0.2484375 0.4609375 0.025 0.090625