0 0.1375 0.6484375 0.0140625 0.01875
0 0.40078125 0.68046875 0.015625 0.01875
0 0.63828125 0.60859375 0.034375 0.009375
0 0.76953125 0.53671875 0.0140625 0.0171875
0 0.89765625 0.57265625 0.015625 0.01875
0 0.8984375 0.37421875 0.015625 0.01875
0 0.6390625 0.37421875 0.015625 0.01875
0 0.17109375 0.36484375 0.015625 0.01875
8 0.18046875 0.40859375 0.0375 0.0375
8 0.13671875 0.4890625 0.01875 0.021875
8 0.19375 0.64765625 0.0484375 0.0203125
8 0.32578125 0.684375 0.071875 0.0125
8 0.4484375 0.60859375 0.071875 0.0125
8 0.5796875 0.6078125 0.078125 0.0125
8 0.6328125 0.57421875 0.01875 0.05625
8 0.70390625 0.53984375 0.1078125 0.0125
8 0.76953125 0.490625 0.0171875 0.071875
1 0.23359375 0.48828125 0.05625 0.028125
1 0.23515625 0.54453125 0.05625 0.0265625
1 0.2828125 0.4421875 0.0390625 0.0234375
1 0.34609375 0.45859375 0.03125 0.01875
1 0.34375 0.4890625 0.0375 0.021875
1 0.3484375 0.5203125 0.05 0.025
1 0.275 0.56640625 0.04375 0.021875
1 0.51484375 0.59921875 0.0390625 0.03125
1 0.46796875 0.459375 0.034375 0.01875
1 0.390625 0.459375 0.0296875 0.0171875