1 0.44140625 0.153125 0.03125 0.040625
8 0.3859375 0.13671875 0.0625 0.00625
0 0.2078125 0.14453125 0.00625 0.021875
1 0.2875 0.60078125 0.0421875 0.0515625
8 0.20703125 0.784375 0.0046875 0.1453125
0 0.20703125 0.9 0.0046875 0.025
8 0.390625 0.909375 0.0640625 0.00625
0 0.71171875 0.9 0.0046875 0.025
8 0.659375 0.909375 0.0625 0.00625
5 0.71171875 0.78046875 0.0046875 0.125
5 0.7765625 0.65546875 0.084375 0.0078125
8 0.84453125 0.496875 0.0046875 0.1
6 0.6328125 0.43984375 0.0875 0.1921875
1 0.61015625 0.55390625 0.028125 0.034375
1 0.53046875 0.50625 0.034375 0.0421875
1 0.48046875 0.50390625 0.0390625 0.0484375
1 0.490625 0.440625 0.028125 0.0375
0 0.67890625 0.14296875 0.0046875 0.01875