8 0.58671875 0.15 0.08125 0.015625
8 0.8328125 0.35859375 0.0125 0.09375
8 0.8328125 0.72421875 0.0125 0.09375
8 0.60078125 0.83984375 0.034375 0.0125
8 0.4890625 0.83984375 0.071875 0.0125
8 0.34296875 0.83984375 0.071875 0.0125
8 0.1921875 0.83984375 0.071875 0.0125
8 0.43828125 0.334375 0.084375 0.0140625
8 0.32734375 0.48203125 0.0109375 0.128125
0 0.678125 0.21953125 0.0125 0.0375
0 0.49453125 0.21953125 0.0125 0.0375
0 0.821875 0.209375 0.0328125 0.015625
0 0.8328125 0.44921875 0.0125 0.0359375
5 0.7859375 0.46015625 0.0828125 0.0140625
5 0.7859375 0.590625 0.084375 0.015625
1 0.5234375 0.334375 0.05 0.065625
1 0.35703125 0.36015625 0.046875 0.065625
1 0.159375 0.65625 0.05 0.0671875
1 0.7078125 0.43359375 0.05 0.0671875
1 0.67890625 0.61640625 0.0484375 0.065625
1 0.284375 0.65625 0.0484375 0.0671875
1 0.41171875 0.8140625 0.0484375 0.065625
0 0.49453125 0.44921875 0.0125 0.0359375
0 0.82265625 0.83984375 0.034375 0.0125
0 0.54140625 0.83984375 0.034375 0.0125
0 0.13984375 0.83984375 0.0328125 0.0125
0 0.13046875 0.44921875 0.0140625 0.0359375
0 0.13984375 0.209375 0.034375 0.015625