8 0.1953125 0.14296875 0.1765625 0.0125
8 0.48125 0.1421875 0.1765625 0.0125
8 0.7046875 0.38515625 0.1765625 0.0125
8 0.90703125 0.60234375 0.0109375 0.203125
8 0.6796875 0.7953125 0.1765625 0.0125
8 0.29609375 0.7953125 0.1765625 0.0125
8 0.10390625 0.65546875 0.0109375 0.203125
8 0.10390625 0.44921875 0.0109375 0.0625
1 0.365625 0.4796875 0.0625 0.0640625
1 0.45390625 0.54609375 0.0609375 0.0734375
1 0.86640625 0.42578125 0.0703125 0.09375
0 0.90703125 0.39609375 0.0109375 0.0328125
0 0.10390625 0.784375 0.0109375 0.034375
0 0.11875 0.7953125 0.01875 0.0125