0 0.85546875 0.2 0.046875 0.034375
0 0.4421875 0.1984375 0.040625 0.028125
0 0.10703125 0.1984375 0.040625 0.025
0 0.10703125 0.6421875 0.040625 0.025
0 0.3671875 0.8453125 0.03125 0.0140625
0 0.58984375 0.46015625 0.040625 0.01875
0 0.65625 0.8453125 0.040625 0.015625
8 0.78515625 0.8296875 0.06875 0.025
8 0.171875 0.64296875 0.065625 0.025
8 0.50078125 0.19921875 0.06875 0.028125
8 0.87109375 0.36875 0.0171875 0.103125
1 0.59140625 0.8453125 0.071875 0.01875
1 0.5453125 0.40078125 0.05 0.078125
1 0.49453125 0.42421875 0.0515625 0.0734375
1 0.33203125 0.496875 0.05625 0.09375
1 0.390625 0.16796875 0.05 0.0921875
1 0.4109375 0.60546875 0.05 0.071875
1 0.3359375 0.7265625 0.053125 0.0765625
1 0.46796875 0.61640625 0.0453125 0.078125
1 0.603125 0.61328125 0.0515625 0.08125