0 0.0484375 0.79609375 0.021875 0.0203125
0 0.0484375 0.6203125 0.021875 0.021875
0 0.0484375 0.53515625 0.021875 0.0234375
0 0.04765625 0.37109375 0.021875 0.021875
0 0.0546875 0.18046875 0.034375 0.0125
0 0.31796875 0.184375 0.0203125 0.0203125
0 0.31796875 0.371875 0.021875 0.0234375
0 0.31875 0.621875 0.01875 0.025
0 0.31875 0.79609375 0.01875 0.021875
0 0.54453125 0.79609375 0.01875 0.021875
0 0.54375 0.6203125 0.0203125 0.0234375
0 0.4171875 0.36484375 0.021875 0.021875
0 0.4109375 0.18046875 0.034375 0.0125
0 0.66796875 0.184375 0.021875 0.021875
0 0.66796875 0.36484375 0.021875 0.021875
0 0.67421875 0.66015625 0.0375 0.0125
0 0.66953125 0.79609375 0.01875 0.021875
0 0.878125 0.659375 0.03125 0.0125
0 0.878125 0.571875 0.03125 0.0125
0 0.878125 0.44296875 0.03125 0.0125
0 0.878125 0.36875 0.03125 0.0125
0 0.878125 0.1796875 0.034375 0.0125
8 0.04765625 0.27421875 0.021875 0.084375
8 0.04765625 0.45390625 0.021875 0.103125
8 0.04765625 0.578125 0.021875 0.034375
8 0.19140625 0.18046875 0.1046875 0.0125
8 0.3546875 0.18046875 0.053125 0.0125
8 0.61796875 0.37109375 0.078125 0.009375
8 0.759375 0.1796875 0.1296875 0.0125
8 0.940625 0.20859375 0.015625 0.046875
8 0.940625 0.3421875 0.015625 0.040625
8 0.9703125 0.5078125 0.01875 0.103125
8 0.9421875 0.74375 0.0125 0.084375
8 0.77734375 0.83515625 0.1296875 0.009375
8 0.60625 0.83515625 0.053125 0.009375
8 0.4703125 0.83515625 0.1078125 0.009375
2 0.7984375 0.61171875 0.040625 0.06875
1 0.6453125 0.74140625 0.04375 0.0375
1 0.6828125 0.69140625 0.05625 0.0515625
1 0.3640625 0.81484375 0.071875 0.05
1 0.490625 0.646875 0.0859375 0.0609375
1 0.2125 0.5890625 0.0453125 0.040625
1 0.27734375 0.51953125 0.078125 0.0546875
1 0.2921875 0.3359375 0.053125 0.0484375
1 0.33828125 0.2828125 0.04375 0.040625
1 0.71640625 0.3484375 0.075 0.053125
1 0.7765625 0.421875 0.046875 0.04375
6 0.80625 0.5078125 0.309375 0.115625
0 0.6734375 0.44296875 0.0390625 0.0125