0 0.83046875 0.2484375 0.0078125 0.0421875
0 0.83046875 0.465625 0.0078125 0.0421875
0 0.83046875 0.684375 0.0078125 0.0421875
0 0.83046875 0.84921875 0.0078125 0.0421875
0 0.40546875 0.84921875 0.0078125 0.0421875
0 0.4234375 0.73125 0.04375 0.0078125
6 0.5438678718750001 0.6188361296875 0.543702859375 0.5749769203125 0.40942377656250006 0.574704678125 0.40840091406249995 0.7272307640625 0.5383365984374999 0.727652225 0.5381152421875 0.6855061359375 0.46541609843750004 0.6855415781249999 0.465427821875 0.6188227140625 0.5438678718750001 0.6188361296875
0 0.4234375 0.57109375 0.0453125 0.0078125
0 0.43671875 0.35703125 0.0078125 0.04375
0 0.41875 0.08828125 0.04375 0.0078125
0 0.121875 0.08828125 0.04375 0.0078125
0 0.121875 0.34140625 0.0453125 0.0078125
8 0.2703125 0.08828125 0.096875 0.00625
8 0.6875 0.23125 0.096875 0.0078125
8 0.83046875 0.34921875 0.0078125 0.0921875
8 0.83046875 0.565625 0.0078125 0.090625
8 0.728125 0.86640625 0.096875 0.0078125
8 0.46953125 0.86640625 0.04375 0.0078125
8 0.4046875 0.70625 0.0078125 0.0421875
8 0.40546875 0.59609375 0.009375 0.0421875
8 0.43671875 0.54296875 0.009375 0.04375
8 0.1046875 0.22890625 0.009375 0.09375
1 0.4078125 0.30859375 0.0640625 0.0546875
1 0.5078125 0.53046875 0.0359375 0.0421875
1 0.51328125 0.7984375 0.0359375 0.0421875
1 0.58046875 0.77109375 0.0578125 0.0640625
1 0.64921875 0.728125 0.0546875 0.046875
1 0.4078125 0.11953125 0.0640625 0.0546875