0 0.80390625 0.07734375 0.0140625 0.04375
0 0.8046875 0.45625 0.0140625 0.04296875
0 0.79375 0.93203125 0.034375 0.0171875
0 0.20546875 0.93203125 0.03359375 0.0171875
0 0.20546875 0.42578125 0.034375 0.0171875
0 0.44609375 0.07734375 0.0140625 0.04375
8 0.72578125 0.06171875 0.0421875 0.01640625
8 0.8046875 0.4140625 0.015625 0.03828125
8 0.8 0.55703125 0.02578125 0.0796875
8 0.8 0.821875 0.02421875 0.07890625
8 0.61328125 0.93203125 0.15546875 0.021875
8 0.32578125 0.93203125 0.08359375 0.0203125
8 0.19921875 0.68203125 0.025 0.046875
8 0.19921875 0.534375 0.02421875 0.07890625
8 0.4171875 0.42578125 0.03046875 0.01953125
8 0.44609375 0.39140625 0.01484375 0.04609375
1 0.45546875 0.32421875 0.03515625 0.05
1 0.4265625 0.5359375 0.05078125 0.059375
1 0.47109375 0.5390625 0.034375 0.04765625
1 0.38671875 0.59921875 0.03359375 0.04921875
1 0.38671875 0.6828125 0.03203125 0.046875
1 0.42890625 0.7359375 0.053125 0.05859375
1 0.47109375 0.67734375 0.03359375 0.04921875
1 0.79296875 0.67890625 0.0390625 0.05703125
1 0.71796875 0.45 0.05390625 0.06015625