0 0.2 0.08828125 0.009375 0.03125
0 0.20390625 0.9296875 0.01875 0.05625
0 0.76640625 0.93671875 0.01875 0.0421875
0 0.5640625 0.09453125 0.01875 0.04375
8 0.2 0.23046875 0.009375 0.040625
8 0.56328125 0.22109375 0.01875 0.075
8 0.56328125 0.41484375 0.01875 0.075
8 0.76640625 0.65078125 0.0171875 0.071875
8 0.76640625 0.8359375 0.0171875 0.071875
8 0.3015625 0.946875 0.065625 0.021875
8 0.46328125 0.946875 0.065625 0.021875
1 0.41015625 0.22578125 0.053125 0.0484375
1 0.51640625 0.27265625 0.04375 0.0296875
1 0.28125 0.628125 0.05625 0.05
1 0.32421875 0.7015625 0.0515625 0.0484375
1 0.41640625 0.70234375 0.053125 0.0484375
2 0.2203125 0.4671875 0.05 0.075
2 0.671875 0.5625 0.103125 0.0375
2 0.48515625 0.63125 0.046875 0.084375
8 0.20390625 0.7296875 0.01875 0.0375
1 0.3234375 0.6078125 0.04375 0.025