0 0.90859375 0.32890625 0.009375 0.0125
0 0.79296875 0.3109375 0.0109375 0.0140625
0 0.54453125 0.3109375 0.009375 0.0140625
0 0.1796875 0.6875 0.0125 0.0140625
0 0.1796875 0.61171875 0.0125 0.0125
0 0.17890625 0.5078125 0.0125 0.0140625
0 0.5453125 0.50390625 0.009375 0.0140625
0 0.546875 0.6875 0.00625 0.0140625
0 0.72265625 0.6875 0.009375 0.0140625
0 0.63046875 0.5078125 0.009375 0.0140625
0 0.90078125 0.50390625 0.025 0.00625
8 0.909375 0.41015625 0.0125 0.015625
8 0.909375 0.4890625 0.0125 0.015625
8 0.621875 0.55703125 0.0328125 0.034375
8 0.721875 0.6296875 0.0125 0.0171875
8 0.68359375 0.69140625 0.05625 0.00625
8 0.2578125 0.69140625 0.0625 0.00625
8 0.1796875 0.56875 0.015625 0.0296875
8 0.85703125 0.325 0.0328125 0.00625
1 0.83984375 0.3703125 0.028125 0.0125
1 0.77734375 0.37109375 0.046875 0.01875
1 0.7828125 0.3984375 0.034375 0.0125
1 0.77734375 0.42265625 0.046875 0.01875
1 0.85078125 0.42578125 0.0359375 0.015625
2 0.815625 0.49453125 0.06875 0.025
2 0.68203125 0.2984375 0.06875 0.025
1 0.67109375 0.415625 0.0359375 0.021875
1 0.58828125 0.41640625 0.0375 0.021875
2 0.5609375 0.45859375 0.04375 0.0375
2 0.475 0.49453125 0.078125 0.0265625
2 0.37109375 0.49453125 0.078125 0.0265625
1 0.21640625 0.5140625 0.0515625 0.0296875
2 0.4734375 0.68203125 0.08125 0.028125
2 0.37421875 0.68203125 0.078125 0.028125
2 0.58828125 0.61953125 0.071875 0.0234375
2 0.5953125 0.68359375 0.06875 0.025
6 0.675 0.4640625 0.0875 0.071875
6 0.275 0.5375 0.04375 0.0625
5 0.84921875 0.4484375 0.0859375 0.0078125