0 0.7828125 0.90078125 0.00625 0.046875
0 0.7828125 0.52734375 0.0078125 0.046875
0 0.7828125 0.12109375 0.0078125 0.046875
0 0.47890625 0.12109375 0.0078125 0.046875
0 0.1734375 0.12109375 0.00625 0.046875
0 0.29765625 0.5265625 0.0078125 0.046875
0 0.29765625 0.90078125 0.00625 0.046875
0 0.5421875 0.5265625 0.0078125 0.046875
0 0.54296875 0.90078125 0.00625 0.046875
8 0.4203125 0.91796875 0.13125 0.0125
8 0.6625 0.91796875 0.13125 0.0125
8 0.7828125 0.7140625 0.00625 0.2296875
8 0.7828125 0.30703125 0.00625 0.228125
8 0.6921875 0.10390625 0.13125 0.0125
8 0.5390625 0.10390625 0.0390625 0.0125
8 0.425 0.10390625 0.0390625 0.0125
8 0.27265625 0.10390625 0.1296875 0.0125
8 0.1734375 0.30703125 0.0078125 0.228125
8 0.29765625 0.7140625 0.0078125 0.228125
1 0.509375 0.55546875 0.053125 0.103125
1 0.571875 0.55546875 0.053125 0.103125
1 0.453125 0.45859375 0.059375 0.090625
1 0.4015625 0.28671875 0.0515625 0.103125
1 0.571875 0.2875 0.053125 0.1046875
1 0.62734375 0.4578125 0.059375 0.0921875