0 0.865625 0.07890625 0.034375 0.015625
0 0.59921875 0.07890625 0.034375 0.015625
0 0.86796875 0.27109375 0.0328125 0.0140625
0 0.1890625 0.28671875 0.0328125 0.0203125
0 0.1890625 0.89609375 0.034375 0.021875
0 0.4640625 0.89609375 0.03125 0.021875
0 0.746875 0.72421875 0.0328125 0.021875
0 0.86796875 0.603125 0.0328125 0.021875
8 0.7328125 0.07890625 0.021875 0.015625
8 0.58671875 0.165625 0.009375 0.1125
8 0.490625 0.2875 0.021875 0.021875
8 0.41328125 0.2875 0.021875 0.021875
8 0.18203125 0.3890625 0.0171875 0.075
8 0.18125 0.56875 0.0171875 0.078125
8 0.18125 0.7703125 0.0171875 0.078125
8 0.3859375 0.89609375 0.05 0.021875
8 0.57578125 0.72421875 0.053125 0.021875
8 0.81015625 0.603125 0.08125 0.021875
8 0.87578125 0.50625 0.0171875 0.153125
1 0.61328125 0.25703125 0.028125 0.040625
1 0.60390625 0.3109375 0.04375 0.028125
1 0.6140625 0.38359375 0.046875 0.053125
1 0.55234375 0.3703125 0.0421875 0.0625
1 0.48984375 0.39765625 0.03125 0.034375
1 0.4109375 0.39765625 0.028125 0.034375
1 0.33125 0.45390625 0.046875 0.0484375
1 0.3265625 0.54609375 0.05625 0.05
1 0.734375 0.67890625 0.0578125 0.04375
1 0.6234375 0.5875 0.03125 0.03125
1 0.49765625 0.7109375 0.03125 0.05
1 0.41015625 0.65 0.05 0.046875
1 0.3453125 0.7359375 0.040625 0.046875
1 0.27890625 0.68671875 0.0515625 0.0515625