0 0.4515625 0.8203125 0.0140625 0.034375
0 0.38515625 0.64296875 0.0125 0.0359375
8 0.546875 0.8078125 0.0796875 0.009375
8 0.68046875 0.8328125 0.04375 0.009375
8 0.81171875 0.86953125 0.05 0.0078125
8 0.928125 0.703125 0.015625 0.08125
8 0.6390625 0.54375 0.015625 0.08125
8 0.6390625 0.36328125 0.015625 0.0515625
8 0.73515625 0.25625 0.0140625 0.08125
8 0.1953125 0.7015625 0.015625 0.08125
8 0.1953125 0.56484375 0.015625 0.0609375
8 0.25234375 0.48515625 0.0125 0.021875
8 0.28828125 0.4359375 0.0125 0.021875
8 0.1640625 0.4015625 0.015625 0.0328125
8 0.1640625 0.28828125 0.015625 0.0375
1 0.42265625 0.8203125 0.04375 0.03125
1 0.4828125 0.8203125 0.0484375 0.0359375
1 0.64765625 0.7890625 0.03125 0.028125
1 0.8265625 0.815625 0.04375 0.0328125
1 0.82578125 0.76015625 0.04375 0.0328125
1 0.6515625 0.61875 0.040625 0.034375
1 0.41796875 0.6546875 0.053125 0.0375
1 0.48359375 0.6546875 0.053125 0.0375
1 0.37109375 0.5515625 0.040625 0.034375
1 0.37578125 0.51015625 0.03125 0.028125
1 0.37578125 0.440625 0.03125 0.025
1 0.2578125 0.4359375 0.05 0.034375
1 0.37421875 0.284375 0.034375 0.03125
1 0.15390625 0.32265625 0.034375 0.03125
1 0.1546875 0.21796875 0.034375 0.03125
1 0.15703125 0.18046875 0.028125 0.025
1 0.353125 0.1484375 0.053125 0.0375
1 0.6484375 0.32265625 0.034375 0.03125
0 0.05234375 0.2109375 0.015625 0.0359375
0 0.05234375 0.32890625 0.015625 0.0359375
0 0.14375 0.1984375 0.05625 0.009375
0 0.31953125 0.134375 0.015625 0.009375
0 0.47734375 0.1359375 0.053125 0.0125
0 0.75625 0.134375 0.05625 0.009375
0 0.36484375 0.24453125 0.053125 0.009375
0 0.36484375 0.3421875 0.053125 0.009375
0 0.37890625 0.41796875 0.025 0.015625
0 0.75 0.30234375 0.065625 0.009375
0 0.65390625 0.4703125 0.065625 0.0078125
0 0.14453125 0.421875 0.053125 0.0078125
0 0.3640625 0.52890625 0.0546875 0.009375
0 0.225 0.46953125 0.071875 0.009375
0 0.17578125 0.52890625 0.053125 0.009375
0 0.17578125 0.65625 0.053125 0.009375
0 0.94765625 0.59296875 0.0546875 0.0078125
0 0.9484375 0.74921875 0.053125 0.009375
0 0.89609375 0.86953125 0.034375 0.00625
0 0.6390625 0.84296875 0.015625 0.0625
0 0.65859375 0.74921875 0.0546875 0.009375
0 0.64765625 0.59296875 0.0328125 0.0171875