1 0.1203125 0.31796875 0.0109375 0.053125
1 0.36015625 0.3734375 0.0078125 0.05078125
1 0.40546875 0.3421875 0.0796875 0.01015625
1 0.5015625 0.3421875 0.04140625 0.01015625
1 0.5796875 0.34140625 0.04140625 0.009375
1 0.95625 0.3484375 0.0109375 0.053125
8 0.95703125 0.4796875 0.0109375 0.21171875
1 0.39140625 0.4046875 0.04140625 0.00859375
1 0.30546875 0.534375 0.040625 0.01015625
1 0.2625 0.5671875 0.009375 0.0546875
0 0.353125 0.59375 0.0421875 0.02265625
0 0.54609375 0.58828125 0.0421875 0.0296875
0 0.90546875 0.5890625 0.04453125 0.03203125
6 0.7203125 0.31875 0.18046875 0.0578125