1 0.07734375 0.80390625 0.0875 0.034375
1 0.28125 0.884375 0.075 0.0328125
1 0.3859375 0.88046875 0.078125 0.0328125
1 0.38359375 0.8 0.075 0.03125
1 0.225 0.77890625 0.06875 0.0390625
2 0.86328125 0.51640625 0.075 0.059375
8 0.621875 0.759375 0.375 0.00625
8 0.834375 0.62734375 0.01875 0.153125
8 0.83515625 0.40546875 0.01875 0.153125
0 0.1125 0.88828125 0.0265625 0.0375
0 0.4328125 0.9015625 0.05 0.009375
0 0.41640625 0.76875 0.01875 0.0265625
0 0.11640625 0.425 0.034375 0.025
0 0.1125 0.1421875 0.028125 0.0375
0 0.83125 0.14140625 0.028125 0.0375
0 0.83046875 0.88828125 0.025 0.0375