0 0.16328125 0.2453125 0.009375 0.021875
0 0.16328125 0.446875 0.009375 0.021875
0 0.16328125 0.6625 0.009375 0.021875
0 0.29140625 0.6625 0.009375 0.021875
0 0.4296875 0.76171875 0.03125 0.0296875
0 0.7421875 0.76171875 0.03125 0.028125
0 0.74765625 0.428125 0.0203125 0.0171875
0 0.63046875 0.428125 0.0203125 0.0171875
0 0.47734375 0.36875 0.0203125 0.015625
0 0.4125 0.2984375 0.0203125 0.0171875
0 0.296875 0.2984375 0.0203125 0.0171875
0 0.29140625 0.2453125 0.009375 0.021875
0 0.29140625 0.44609375 0.009375 0.021875
8 0.16171875 0.47265625 0.015625 0.034375
8 0.1625 0.56640625 0.0140625 0.034375
8 0.22734375 0.240625 0.1046875 0.01875
8 0.35390625 0.29765625 0.0625 0.021875
8 0.3359375 0.665625 0.028125 0.021875
8 0.37265625 0.665625 0.028125 0.021875
8 0.4890625 0.76875 0.0625 0.021875
8 0.55078125 0.3671875 0.0625 0.021875
8 0.415625 0.325 0.021875 0.0328125
1 0.275 0.5125 0.04375 0.040625
1 0.390625 0.4796875 0.0375 0.0265625
1 0.36796875 0.596875 0.04375 0.040625
1 0.4078125 0.60546875 0.034375 0.0265625
1 0.44609375 0.5921875 0.04375 0.040625
1 0.53203125 0.503125 0.0375 0.0265625
1 0.6171875 0.39921875 0.0375 0.034375
1 0.4453125 0.42578125 0.040625 0.040625
5 0.75078125 0.67265625 0.0203125 0.1125
5 0.6890625 0.434375 0.103125 0.009375