1 0.7921875 0.89375 0.034375 0.084375
1 0.86953125 0.69765625 0.03125 0.071875
1 0.865625 0.59609375 0.03125 0.0765625
1 0.78828125 0.5984375 0.03125 0.071875
1 0.76796875 0.7515625 0.0375 0.065625
2 0.51484375 0.13671875 0.0578125 0.071875
8 0.74921875 0.36875 0.00625 0.3609375
8 0.621875 0.1640625 0.146875 0.0171875
8 0.40703125 0.1640625 0.146875 0.0171875
0 0.8734375 0.86015625 0.034375 0.025
0 0.8859375 0.5515625 0.009375 0.0484375
0 0.7578125 0.5671875 0.025 0.0171875
0 0.4265625 0.85625 0.025 0.0328125
0 0.153125 0.86015625 0.0359375 0.025
0 0.153125 0.1671875 0.0359375 0.0265625
0 0.8734375 0.16796875 0.034375 0.025