0 0.07109375 0.121875 0.03046875 0.01328125
8 0.059375 0.25 0.00859375 0.13984375
1 0.21640625 0.35546875 0.046875 0.05234375
0 0.27109375 0.76484375 0.01640625 0.02578125
0 0.26875 0.8765625 0.0234375 0.0109375
0 0.4515625 0.765625 0.0171875 0.02578125
0 0.90234375 0.771875 0.0265625 0.0140625
0 0.903125 0.121875 0.02734375 0.01328125
8 0.17890625 0.690625 0.00859375 0.17421875
8 0.2234375 0.771875 0.0796875 0.01328125
8 0.26328125 0.8453125 0.01328125 0.05234375
8 0.464383746875 0.88202225 0.464375 0.861640625 0.27018109687499997 0.8617423625 0.27025 0.8710156250000001 0.28075 0.87109375 0.2806875 0.88203125 0.464383746875 0.88202225
8 0.4578125 0.8390625 0.0140625 0.04453125
8 0.4859375 0.6328125 0.0078125 0.084375
8 0.665625 0.771875 0.078125 0.0140625
8 0.84609375 0.8078125 0.08828125 0.01328125
8 0.8859375 0.79140625 0.00859375 0.01875
8 0.91171875 0.53984375 0.0078125 0.08125
8 0.88515625 0.434375 0.0078125 0.10625
8 0.91171875 0.27734375 0.0078125 0.16171875
8 0.45546875 0.278125 0.00859375 0.16171875
8 0.57109375 0.1890625 0.00859375 0.09765625
1 0.3015625 0.35625 0.046875 0.05078125
1 0.64453125 0.2203125 0.040625 0.05859375
1 0.7390625 0.3203125 0.0546875 0.078125
1 0.74296875 0.51171875 0.046875 0.05234375
1 0.79140625 0.4796875 0.03671875 0.040625
1 0.1328125 0.51640625 0.0546875 0.06015625
1 0.38125 0.74140625 0.0359375 0.040625
1 0.376125 0.51078125 0.34374810624999996 0.5550026 0.37414952343749996 0.602725753125 0.41105542812499996 0.564193725 0.376125 0.51078125
6 0.51328125 0.45859375 0.109375 0.15390625