0 0.20234375 0.71171875 0.0203125 0.021875
0 0.41640625 0.7125 0.021875 0.021875
0 0.6203125 0.64375 0.021875 0.021875
0 0.6296875 0.50859375 0.040625 0.0109375
0 0.8625 0.31796875 0.021875 0.021875
0 0.39140625 0.296875 0.021875 0.021875
0 0.2125 0.43125 0.040625 0.0109375
8 0.20234375 0.54921875 0.0265625 0.0375
8 0.3109375 0.71875 0.14375 0.0125
8 0.61953125 0.5921875 0.0265625 0.05625
8 0.76171875 0.5078125 0.10625 0.0125
8 0.853125 0.4703125 0.04375 0.034375
8 0.853125 0.38828125 0.04375 0.034375
8 0.3421875 0.43125 0.0515625 0.0125
1 0.2296875 0.44609375 0.040625 0.021875
1 0.2390625 0.4984375 0.059375 0.03125
1 0.44375 0.5015625 0.04375 0.0265625
1 0.54453125 0.63515625 0.059375 0.040625
1 0.5921875 0.525 0.0484375 0.0234375
1 0.60859375 0.4578125 0.046875 0.0265625
1 0.6953125 0.4296875 0.040625 0.021875
1 0.6953125 0.3953125 0.040625 0.01875
1 0.64375 0.3078125 0.0609375 0.0375
1 0.65 0.36875 0.05625 0.03125
1 0.49765625 0.36875 0.0453125 0.025
6 0.55546875 0.39296875 0.065625 0.0734375
0 0.39140625 0.4265625 0.021875 0.021875
0 0.86171875 0.5015625 0.021875 0.021875