0 0.84296875 0.2578125 0.078125 0.0125
0 0.13984375 0.2578125 0.0796875 0.0125
0 0.13984375 0.48203125 0.078125 0.0125
0 0.13984375 0.740625 0.078125 0.0125
0 0.53046875 0.746875 0.01875 0.040625
0 0.84296875 0.84375 0.08125 0.0125
0 0.84296875 0.65625 0.08125 0.0125
0 0.84296875 0.48203125 0.08125 0.0125
0 0.50078125 0.390625 0.08125 0.0125
8 0.86875 0.75546875 0.028125 0.0921875
8 0.86953125 0.56875 0.028125 0.0921875
8 0.86953125 0.33125 0.028125 0.0921875
8 0.11328125 0.68046875 0.028125 0.090625
8 0.11328125 0.54296875 0.028125 0.090625
1 0.57890625 0.67734375 0.08125 0.053125
1 0.665625 0.50859375 0.09375 0.040625
1 0.665625 0.45625 0.09375 0.040625
1 0.66640625 0.284375 0.0921875 0.040625
1 0.5796875 0.3703125 0.078125 0.053125
1 0.40703125 0.459375 0.078125 0.034375
1 0.44296875 0.3140625 0.09375 0.040625
2 0.32421875 0.725 0.125 0.04375
6 0.3078125 0.36328125 0.3625 0.04375