8 0.3171875 0.23125 0.10390625 0.0171875
8 0.5453125 0.23125 0.08984375 0.01875
7 0.30546875 0.6609375 0.03203125 0.01875
7 0.43125 0.28046875 0.0328125 0.01875
5 0.70390625 0.271875 0.14296875 0.0234375
5 0.34375 0.5484375 0.03984375 0.01015625
1 0.4 0.5125 0.0078125 0.06171875
1 0.44296875 0.5484375 0.040625 0.01171875
1 0.4921875 0.4828125 0.05390625 0.01328125
1 0.41875 0.421875 0.046875 0.0109375
1 0.70703125 0.6890625 0.0171875 0.09453125
0 0.24375 0.6609375 0.0421875 0.021875
0 0.4671875 0.67578125 0.01875 0.053125
0 0.61796875 0.71015625 0.0171875 0.053125
0 0.790625 0.484375 0.01796875 0.05390625
0 0.78984375 0.303125 0.01640625 0.05234375
0 0.61796875 0.309375 0.0171875 0.06171875
0 0.46640625 0.3046875 0.0171875 0.05234375
0 0.396875 0.3046875 0.01796875 0.0546875
0 0.23046875 0.3046875 0.01875 0.05703125