0 0.63515625 0.14375 0.0171875 0.0140625
0 0.665625 0.39921875 0.01875 0.015625
0 0.59609375 0.62890625 0.0109375 0.034375
0 0.52578125 0.75546875 0.0171875 0.0140625
0 0.5609375 0.88046875 0.01875 0.015625
0 0.36875 0.88046875 0.0171875 0.015625
0 0.36875 0.6296875 0.0171875 0.015625
0 0.36015625 0.1765625 0.01875 0.0140625
8 0.4015625 0.1859375 0.0375 0.0359375
8 0.48046875 0.14375 0.021875 0.0171875
8 0.634375 0.1984375 0.0203125 0.046875
8 0.66953125 0.3265625 0.0125 0.0703125
8 0.5953125 0.4453125 0.0125 0.0703125
8 0.5953125 0.57265625 0.0125 0.0765625
8 0.56328125 0.62421875 0.0546875 0.01875
8 0.52890625 0.69296875 0.0125 0.1046875
8 0.48125 0.75546875 0.0703125 0.0171875
1 0.47890625 0.23671875 0.028125 0.05625
1 0.53359375 0.2390625 0.0265625 0.0546875
1 0.43515625 0.284375 0.0234375 0.0375
1 0.45078125 0.34609375 0.0171875 0.03125
1 0.48046875 0.34375 0.021875 0.0375
1 0.51015625 0.3484375 0.025 0.046875
1 0.5546875 0.2765625 0.021875 0.0421875
1 0.58671875 0.509375 0.0296875 0.0375
1 0.45078125 0.4640625 0.0171875 0.0328125
1 0.45078125 0.3890625 0.0171875 0.028125