0 0.06484375 0.81875 0.009375 0.03515625
0 0.06484375 0.89921875 0.01015625 0.03046875
0 0.07890625 0.909375 0.01875 0.01015625
0 0.06484375 0.09609375 0.01015625 0.0359375
0 0.33125 0.09609375 0.01015625 0.0359375
0 0.33125 0.3171875 0.01015625 0.0359375
0 0.33125 0.50390625 0.009375 0.0359375
0 0.52578125 0.5296875 0.01015625 0.0359375
0 0.52578125 0.81875 0.01015625 0.0359375
0 0.52734375 0.3171875 0.009375 0.03515625
0 0.965625 0.81953125 0.01015625 0.0359375
0 0.965625 0.5296875 0.01015625 0.0359375
0 0.965625 0.3046875 0.01015625 0.03515625
0 0.965625 0.09609375 0.009375 0.0359375
0 0.95078125 0.08359375 0.01875 0.01015625
0 0.62578125 0.09609375 0.009375 0.0359375
1 0.44921875 0.4875 0.05703125 0.06875
1 0.4890625 0.40546875 0.0578125 0.06796875
1 0.7203125 0.803125 0.0578125 0.06875
8 0.58984375 0.83203125 0.1171875 0.01015625
8 0.86015625 0.83203125 0.11328125 0.01015625
8 0.965625 0.6875 0.01015625 0.11796875
8 0.965625 0.40078125 0.01015625 0.11875
5 0.71484375 0.29140625 0.10859375 0.01171875
5 0.88125 0.29140625 0.109375 0.01171875
5 0.62578125 0.19765625 0.0109375 0.1140625
6 0.5765625 0.64453125 0.09140625 0.24765625
8 0.4703125 0.08359375 0.16953125 0.01015625
5 0.2953125 0.9078125 0.2734375 0.0125