0 0.5625 0.371875 0.03046875 0.146875
0 0.1265625 0.5109375 0.01953125 0.4265625
0 0.575 0.6546875 0.0453125 0.09140625
0 0.78828125 0.6171875 0.034375 0.08671875
0 0.9328125 0.5234375 0.01953125 0.253125
7 0.36640625 0.30703125 0.0484375 0.01328125
7 0.53125 0.30703125 0.04609375 0.0140625
8 0.234375 0.6234375 0.20859375 0.01640625
8 0.4546875 0.69140625 0.21875 0.0171875
8 0.8484375 0.58359375 0.05859375 0.0171875
5 0.684375 0.61796875 0.18984375 0.0140625
1 0.78125 0.36640625 0.02109375 0.06796875
1 0.525 0.4390625 0.0578125 0.0125
1 0.36875 0.43828125 0.05703125 0.01328125
1 0.44453125 0.46875 0.0125 0.0546875
1 0.51953125 0.5 0.065625 0.0140625
4 0.778125 0.434375 0.01171875 0.0578125