0 0.07265625 0.25546875 0.04453125 0.0265625
0 0.38359375 0.25546875 0.04453125 0.025
0 0.18828125 0.78515625 0.04453125 0.02734375
0 0.3828125 0.784375 0.0421875 0.025
0 0.72578125 0.89609375 0.04296875 0.02421875
1 0.33125 0.353125 0.053125 0.08203125
1 0.1640625 0.496875 0.0765625 0.09140625
1 0.59140625 0.65546875 0.034375 0.0484375
1 0.60703125 0.71796875 0.053125 0.0703125
8 0.26328125 0.78515625 0.07890625 0.0296875
8 0.73828125 0.68515625 0.02578125 0.096875
8 0.175 0.690625 0.02265625 0.10546875
8 0.06171875 0.34140625 0.02421875 0.0984375
8 0.486932034375 0.8113265046875 0.476228546875 0.832012603125 0.5318809265625 0.8837748624999999 0.54364485 0.8630296859375 0.486932034375 0.8113265046875