0 0.3125 0.03203125 0.021875 0.0125
0 0.6921875 0.1703125 0.00625 0.021875
0 0.7625 0.6546875 0.0203125 0.0125
0 0.51796875 0.96875 0.028125 0.0125
0 0.2984375 0.875 0.025 0.0109375
8 0.66484375 0.165625 0.03125 0.0125
8 0.6921875 0.23046875 0.00625 0.05
8 0.73046875 0.30234375 0.03125 0.0109375
8 0.76796875 0.384375 0.009375 0.05
8 0.76796875 0.52734375 0.009375 0.05
8 0.76796875 0.61328125 0.009375 0.05
8 0.72109375 0.6546875 0.0390625 0.0125
8 0.65703125 0.52421875 0.00625 0.05
8 0.65703125 0.61328125 0.00625 0.05
8 0.58359375 0.96875 0.05 0.0125
8 0.3578125 0.875 0.071875 0.0109375
8 0.28984375 0.8515625 0.009375 0.0265625
8 0.28984375 0.759375 0.009375 0.028125
8 0.28984375 0.690625 0.009375 0.0265625
8 0.28984375 0.5296875 0.009375 0.059375
8 0.28984375 0.43203125 0.009375 0.028125
8 0.42734375 0.0953125 0.00625 0.0734375
8 0.365625 0.03203125 0.071875 0.0125
5 0.38515625 0.4484375 0.003125 0.0609375
2 0.61328125 0.1578125 0.05 0.0296875
2 0.46953125 0.1578125 0.05 0.028125
2 0.61328125 0.4265625 0.05 0.028125
2 0.46953125 0.42734375 0.0484375 0.028125
2 0.4375 0.53671875 0.028125 0.0734375
2 0.4375 0.6671875 0.028125 0.071875
2 0.4671875 0.8609375 0.0390625 0.028125
1 0.40625 0.15859375 0.025 0.028125
1 0.67421875 0.4671875 0.0234375 0.028125
1 0.675 0.565625 0.0234375 0.0265625
1 0.67421875 0.64921875 0.021875 0.025
1 0.68515625 0.709375 0.025 0.0328125
1 0.59609375 0.7375 0.0234375 0.0265625
1 0.40625 0.74140625 0.0265625 0.028125
5 0.35859375 0.7328125 0.0390625 0.0046875
1 0.3734375 0.515625 0.028125 0.0390625
1 0.30625 0.475 0.025 0.028125
1 0.375 0.38828125 0.025 0.0328125
1 0.32109375 0.72265625 0.0203125 0.021875
6 0.71171875 0.61328125 0.103125 0.06875
6 0.325 0.26484375 0.125 0.1859375