0 0.0609375 0.85234375 0.05625 0.021875
0 0.259375 0.14921875 0.05625 0.0265625
0 0.8421875 0.8515625 0.0609375 0.0234375
1 0.71875 0.15 0.059375 0.025
1 0.34921875 0.63671875 0.08125 0.065625
1 0.35859375 0.4859375 0.0609375 0.053125
1 0.284375 0.49609375 0.075 0.04375
1 0.28046875 0.3 0.1 0.0515625
1 0.36953125 0.3 0.078125 0.05625
2 0.69140625 0.27421875 0.125 0.1140625
1 0.7875 0.41015625 0.1 0.065625
1 0.8203125 0.53359375 0.1046875 0.06875
2 0.81484375 0.71953125 0.1234375 0.121875
8 0.04765625 0.5359375 0.046875 0.0671875
8 0.2046875 0.85390625 0.1375 0.0359375
8 0.6234375 0.85390625 0.140625 0.0328125
8 0.54296875 0.15078125 0.134375 0.021875
1 0.31953125 0.1515625 0.0703125 0.03125
1 0.56875 0.4296875 0.071875 0.0453125
6 0.47109375 0.4671875 0.146875 0.146875