0 0.33203125 0.32265625 0.0234375 0.3359375
0 0.24453125 0.4296875 0.0296875 0.0171875
0 0.78984375 0.1703125 0.053125 0.0265625
0 0.80859375 0.1890625 0.015625 0.065625
1 0.4578125 0.7125 0.06484375 0.01171875
1 0.6125 0.49453125 0.01015625 0.03671875
1 0.68046875 0.4515625 0.009375 0.0421875
1 0.6125 0.446875 0.009375 0.04453125
1 0.74140625 0.475 0.0453125 0.00546875
1 0.6515625 0.42421875 0.0546875 0.00625
1 0.61328125 0.3703125 0.009375 0.0359375
8 0.2828125 0.54296875 0.06796875 0.0125
8 0.8328125 0.6203125 0.015625 0.1515625
8 0.90078125 0.3984375 0.015625 0.1515625
8 0.80859375 0.2703125 0.015625 0.09375
8 0.415625 0.30390625 0.15 0.01171875
7 0.55 0.30390625 0.0296875 0.0109375
7 0.47265625 0.49609375 0.0109375 0.03125
7 0.81640625 0.49609375 0.015625 0.0296875