0 0.70703125 0.29921875 0.025 0.09296875
1 0.6796875 0.55859375 0.0578125 0.01015625
1 0.490625 0.4796875 0.04296875 0.00703125
1 0.45859375 0.459375 0.0078125 0.0390625
1 0.71015625 0.459375 0.0078125 0.0390625
1 0.3015625 0.4796875 0.04140625 0.00546875
8 0.31875 0.32109375 0.14453125 0.0109375
8 0.4640625 0.30078125 0.08203125 0.0109375
8 0.625 0.3234375 0.13984375 0.01171875
8 0.79453125 0.3171875 0.1578125 0.01171875
8 0.79375 0.59375 0.09765625 0.01171875
8 0.3828125 0.59453125 0.096875 0.0125
7 0.46640625 0.559375 0.0140625 0.02578125
7 0.32578125 0.57734375 0.0125 0.0265625