1 0.371875 0.371875 0.06953125 0.06875
1 0.49140625 0.65 0.053125 0.05390625
0 0.45546875 0.584375 0.01015625 0.03046875
1 0.565625 0.61484375 0.053125 0.04609375
1 0.565625 0.6953125 0.053125 0.0390625
1 0.69140625 0.6140625 0.04453125 0.04609375
1 0.49765625 0.78046875 0.053125 0.053125
1 0.40625 0.88828125 0.07109375 0.06875
0 0.33203125 0.0921875 0.01015625 0.03046875
0 0.33203125 0.390625 0.01015625 0.03125
0 0.1296875 0.41328125 0.01015625 0.03046875
0 0.1296875 0.584375 0.01015625 0.03046875
0 0.78984375 0.90703125 0.01015625 0.03125
0 0.45546875 0.8359375 0.01015625 0.03046875
0 0.1296875 0.90703125 0.01015625 0.03125
0 0.14453125 0.91875 0.0203125 0.00859375
0 0.78984375 0.584375 0.01015625 0.03046875
0 0.78984375 0.390625 0.01015625 0.03046875
0 0.78984375 0.0921875 0.01015625 0.03046875
0 0.775 0.08125 0.01953125 0.00859375
6 0.6280608359375 0.7947368421875 0.628212928125 0.8512828953125 0.490494296875 0.8513157890624999 0.490494296875 0.9141447375 0.7850029171874999 0.9141540203125 0.7850950578125 0.7947697375 0.6280608359375 0.7947368421875