1 0.80390625 0.46171875 0.065625 0.09375
1 0.51484375 0.58984375 0.046875 0.0515625
1 0.19609375 0.5046875 0.0515625 0.075
1 0.23828125 0.38671875 0.0515625 0.075
1 0.2578125 0.309375 0.046875 0.0515625
0 0.1734375 0.1078125 0.00625 0.0234375
0 0.63828125 0.10078125 0.0203125 0.009375
0 0.17421875 0.91640625 0.00625 0.0296875
0 0.8625 0.9265625 0.025 0.0125
6 0.478125 0.7671875 0.140625 0.30625
8 0.40859375 0.1 0.09375 0.009375
8 0.26171875 0.1 0.0375 0.009375
8 0.20703125 0.1 0.0375 0.009375
8 0.1734375 0.253125 0.00625 0.059375
8 0.1734375 0.73046875 0.00625 0.146875
8 0.36953125 0.92578125 0.05 0.0125
8 0.63828125 0.9265625 0.05 0.0125
8 0.8203125 0.9265625 0.05 0.0125
8 0.7359375 0.39921875 0.1109375 0.0078125
8 0.64453125 0.25390625 0.0078125 0.146875
8 0.203125 0.9265625 0.0515625 0.0125
8 0.45 0.9265625 0.05 0.0125
8 0.50546875 0.9265625 0.05 0.0125