0 0.915625 0.08203125 0.0203125 0.015625
0 0.0921875 0.8328125 0.034375 0.028125
0 0.0921875 0.0875 0.034375 0.028125
0 0.46171875 0.0875 0.034375 0.028125
0 0.4265625 0.8328125 0.034375 0.028125
0 0.74765625 0.571875 0.034375 0.028125
8 0.30390625 0.0875 0.0265625 0.028125
8 0.75546875 0.4515625 0.015625 0.09375
8 0.83984375 0.33671875 0.028125 0.015625
8 0.91875 0.21015625 0.015625 0.1875
8 0.765625 0.08203125 0.0265625 0.015625
8 0.60234375 0.08203125 0.0265625 0.015625
2 0.0921875 0.234375 0.03125 0.0890625
2 0.0921875 0.4890625 0.034375 0.09375
2 0.15546875 0.8203125 0.05625 0.053125
2 0.3671875 0.8203125 0.0546875 0.053125
2 0.28671875 0.41875 0.0421875 0.115625
2 0.64375 0.559375 0.053125 0.053125
2 0.5046875 0.1109375 0.0515625 0.0296875
1 0.2859375 0.3078125 0.04375 0.0625
1 0.325 0.25859375 0.034375 0.0375
1 0.40859375 0.32578125 0.034375 0.0375
1 0.41015625 0.49921875 0.034375 0.0375
1 0.47109375 0.5453125 0.0359375 0.040625
1 0.6078125 0.315625 0.0359375 0.040625
1 0.65 0.29765625 0.04375 0.0625
1 0.53828125 0.3765625 0.04375 0.0625