0 0.421875 0.134375 0.025 0.0109375
0 0.20234375 0.7578125 0.0265625 0.0125
0 0.8203125 0.7578125 0.0234375 0.0125
0 0.8703125 0.134375 0.0203125 0.0125
8 0.875 0.16875 0.009375 0.046875
8 0.80234375 0.425 0.078125 0.0125
8 0.7578125 0.48203125 0.009375 0.103125
8 0.78984375 0.540625 0.053125 0.0171875
8 0.19375 0.62578125 0.009375 0.184375
8 0.41484375 0.2421875 0.009375 0.1125
2 0.3078125 0.43515625 0.0234375 0.0609375
6 0.5203125 0.68828125 0.203125 0.1265625
6 0.31953125 0.1578125 0.125 0.034375
1 0.5765625 0.15859375 0.0265625 0.0359375
1 0.7140625 0.15703125 0.025 0.034375
1 0.6015625 0.309375 0.040625 0.04375
1 0.73125 0.40703125 0.04375 0.05
1 0.6703125 0.33203125 0.040625 0.04375