0 0.121875 0.12578125 0.015625 0.0484375
0 0.228125 0.88984375 0.01875 0.0546875
0 0.85703125 0.88984375 0.01875 0.0515625
0 0.8578125 0.25859375 0.0171875 0.0484375
8 0.121875 0.21953125 0.0171875 0.0515625
8 0.115625 0.49375 0.0421875 0.125
8 0.12109375 0.3875 0.021875 0.0578125
8 0.67734375 0.91484375 0.09375 0.0578125
1 0.21171875 0.671875 0.075 0.0734375
1 0.61875 0.665625 0.0625 0.08125
1 0.74765625 0.6 0.05625 0.0828125
1 0.7828125 0.45546875 0.05625 0.084375
1 0.56484375 0.52578125 0.0578125 0.075
1 0.34140625 0.31796875 0.0578125 0.078125
1 0.50546875 0.31875 0.053125 0.0796875
1 0.61875 0.321875 0.04375 0.0765625