0 0.20390625 0.740625 0.01875 0.0328125
0 0.20390625 0.29375 0.01875 0.0328125
0 0.56328125 0.75546875 0.021875 0.0328125
0 0.56328125 0.925 0.021875 0.034375
0 0.76171875 0.92578125 0.01875 0.034375
0 0.85625 0.74921875 0.021875 0.0328125
0 0.85625 0.5609375 0.0203125 0.034375
0 0.90625 0.39375 0.0125 0.0328125
0 0.90625 0.1515625 0.0125 0.0328125
0 0.628125 0.1515625 0.0125 0.0328125
0 0.628125 0.27734375 0.0125 0.0328125
8 0.20390625 0.56328125 0.01875 0.0328125
8 0.2046875 0.6859375 0.01875 0.0328125
8 0.39375 0.7484375 0.06875 0.01875
8 0.85625 0.6546875 0.0203125 0.065625
8 0.90625 0.2734375 0.0125 0.184375
8 0.7390625 0.14140625 0.03125 0.0125
8 0.60234375 0.28515625 0.028125 0.015625
8 0.5109375 0.28515625 0.05625 0.015625
8 0.40234375 0.28515625 0.028125 0.015625
8 0.2828125 0.28515625 0.053125 0.015625
1 0.2859375 0.5171875 0.059375 0.0421875
1 0.36328125 0.5546875 0.034375 0.03125
1 0.28515625 0.68984375 0.0609375 0.040625
1 0.33671875 0.48125 0.04375 0.0328125
1 0.45625 0.51875 0.059375 0.04375
1 0.4203125 0.48125 0.040625 0.03125
1 0.46484375 0.48125 0.040625 0.03125
1 0.66171875 0.48125 0.0390625 0.0328125
1 0.7421875 0.434375 0.05625 0.028125
1 0.71328125 0.38046875 0.0671875 0.04375
1 0.7328125 0.51796875 0.0734375 0.04375
1 0.79296875 0.74453125 0.0375 0.04375
2 0.67265625 0.9203125 0.071875 0.0453125
2 0.74375 0.85078125 0.053125 0.053125