0 0.87734375 0.15234375 0.015625 0.0328125
0 0.87734375 0.41171875 0.015625 0.0328125
0 0.690625 0.15 0.0125 0.03125
0 0.675 0.809375 0.0203125 0.0328125
0 0.08203125 0.81015625 0.0203125 0.0328125
0 0.0828125 0.5421875 0.0203125 0.03125
0 0.24921875 0.26796875 0.021875 0.03125
0 0.3671875 0.15 0.021875 0.03125
8 0.87734375 0.28125 0.015625 0.021875
8 0.79375 0.4234375 0.109375 0.009375
8 0.675 0.5171875 0.0203125 0.021875
8 0.675 0.5921875 0.0203125 0.021875
8 0.57578125 0.8171875 0.075 0.015625
8 0.40078125 0.8171875 0.075 0.015625
8 0.2046875 0.8171875 0.075 0.015625
8 0.0828125 0.61796875 0.0203125 0.0484375
8 0.24921875 0.434375 0.021875 0.05
8 0.3671875 0.20546875 0.021875 0.0796875
8 0.46171875 0.1421875 0.1484375 0.015625
1 0.70390625 0.39765625 0.040625 0.028125
1 0.65234375 0.40625 0.028125 0.04375
1 0.58125 0.396875 0.053125 0.0453125
1 0.59375 0.45703125 0.0609375 0.040625
1 0.5671875 0.51796875 0.0328125 0.03125
1 0.5671875 0.59453125 0.0328125 0.0265625
1 0.5125 0.671875 0.046875 0.0453125
1 0.42265625 0.6765625 0.05 0.053125
1 0.29375 0.2796875 0.04375 0.05625
1 0.3828125 0.3875 0.0296875 0.03125
1 0.2625 0.509375 0.05 0.0296875
1 0.321875 0.5953125 0.046875 0.0484375
1 0.23828125 0.65859375 0.046875 0.040625
1 0.2859375 0.72265625 0.05 0.05