0 0.1078125 0.8453125 0.0109375 0.0375
0 0.125 0.8578125 0.0234375 0.0125
8 0.26015625 0.8578125 0.1296875 0.0125
8 0.7453125 0.7578125 0.1296875 0.0125
8 0.88515625 0.60703125 0.0109375 0.1484375
8 0.88515625 0.2125 0.0109375 0.090625
0 0.88515625 0.1375 0.0109375 0.0375
0 0.86875 0.125 0.021875 0.0140625
8 0.77734375 0.125 0.078125 0.0125
8 0.40859375 0.125 0.1296875 0.0125
8 0.215625 0.125 0.1296875 0.0125
8 0.1078125 0.2484375 0.0109375 0.1484375
8 0.1078125 0.46875 0.0109375 0.1484375
8 0.1078125 0.7046875 0.0109375 0.1484375
1 0.42421875 0.8078125 0.0890625 0.090625
1 0.6390625 0.48984375 0.059375 0.08125
1 0.634375 0.16328125 0.0703125 0.06875
1 0.6390625 0.33125 0.059375 0.078125
1 0.76640625 0.4171875 0.06875 0.06875