0 0.9390625 0.23125 0.0203125 0.009375
0 0.9453125 0.50625 0.00625 0.0234375
0 0.9390625 0.7984375 0.01875 0.0078125
0 0.71015625 0.7984375 0.01875 0.0078125
0 0.584375 0.7984375 0.01875 0.0078125
0 0.584375 0.63359375 0.01875 0.009375
0 0.71015625 0.63359375 0.01875 0.009375
0 0.32578125 0.63359375 0.01875 0.009375
0 0.05703125 0.63359375 0.01875 0.009375
0 0.05703125 0.23125 0.01875 0.009375
0 0.32578125 0.23125 0.01875 0.009375
0 0.584375 0.23125 0.0203125 0.009375
0 0.71015625 0.23203125 0.01875 0.009375
8 0.15234375 0.23359375 0.046875 0.015625
8 0.64765625 0.23125 0.0921875 0.0125
8 0.85234375 0.23125 0.090625 0.0109375
8 0.85234375 0.7984375 0.090625 0.0125
8 0.64765625 0.7984375 0.0453125 0.009375
8 0.4453125 0.63359375 0.090625 0.0125
8 0.23203125 0.63359375 0.075 0.0125
8 0.04921875 0.4328125 0.00625 0.0765625
1 0.16640625 0.33046875 0.046875 0.06875
1 0.16640625 0.421875 0.05 0.0703125
1 0.3140625 0.3578125 0.046875 0.06875
1 0.31015625 0.5421875 0.0453125 0.05
1 0.55390625 0.58125 0.0609375 0.084375
1 0.64453125 0.64921875 0.040625 0.046875
1 0.596875 0.75234375 0.046875 0.06875
1 0.77734375 0.478125 0.046875 0.06875
1 0.78125 0.5625 0.0546875 0.078125
6 0.64765625 0.390625 0.153125 0.259375