0 0.225 0.1625 0.0421875 0.0171875
0 0.165625 0.56953125 0.015625 0.046875
0 0.4859375 0.584375 0.0453125 0.0171875
0 0.546875 0.41953125 0.0421875 0.01875
0 0.51328125 0.86015625 0.0421875 0.015625
0 0.775 0.86015625 0.040625 0.0171875
0 0.1859375 0.86171875 0.040625 0.015625
0 0.78828125 0.49453125 0.015625 0.046875
0 0.775 0.16328125 0.0421875 0.0171875
0 0.4859375 0.16328125 0.0453125 0.0171875
1 0.4859375 0.44765625 0.0578125 0.0765625
1 0.76171875 0.37890625 0.0609375 0.0640625
1 0.59765625 0.55625 0.0609375 0.0578125
1 0.6609375 0.61875 0.0546875 0.0625
1 0.55625 0.7140625 0.0515625 0.0625
1 0.19609375 0.6265625 0.059375 0.0625
8 0.7765625 0.76875 0.0359375 0.078125
8 0.21484375 0.2296875 0.03125 0.0546875
8 0.21484375 0.303125 0.028125 0.059375
8 0.28984375 0.86171875 0.0515625 0.0203125
8 0.390625 0.86171875 0.0546875 0.0234375