8 0.29765625 0.09921875 0.04375 0.00625
8 0.371875 0.09921875 0.04375 0.00625
0 0.23515625 0.10078125 0.009375 0.009375
8 0.50859375 0.09921875 0.04375 0.00625
8 0.57578125 0.09921875 0.04375 0.00625
8 0.76640625 0.09921875 0.04375 0.00625
8 0.846875 0.09921875 0.04375 0.00625
8 0.90546875 0.3875 0.009375 0.0375
8 0.90546875 0.559375 0.009375 0.0375
8 0.83984375 0.915625 0.04375 0.00625
8 0.76796875 0.915625 0.04375 0.00625
8 0.65078125 0.915625 0.0421875 0.00625
8 0.571875 0.915625 0.04375 0.00625
8 0.38828125 0.915625 0.0421875 0.00625
8 0.234375 0.915625 0.04375 0.00625
8 0.1359375 0.915625 0.04375 0.00625
8 0.053125 0.84375 0.0078125 0.059375
8 0.053125 0.70390625 0.0078125 0.059375
8 0.14921875 0.60546875 0.06875 0.0078125
8 0.234375 0.45703125 0.009375 0.0375
8 0.234375 0.5015625 0.009375 0.0375
8 0.234375 0.1671875 0.009375 0.0375
8 0.234375 0.24921875 0.009375 0.0375
1 0.4046875 0.2671875 0.053125 0.040625
1 0.28515625 0.5875 0.0390625 0.04375
1 0.40625 0.6375 0.05 0.0375
1 0.4828125 0.81953125 0.040625 0.040625
1 0.559375 0.8171875 0.046875 0.034375
1 0.68125 0.73515625 0.0484375 0.034375
1 0.68203125 0.7921875 0.046875 0.0359375
1 0.7296875 0.640625 0.040625 0.040625
1 0.5203125 0.13046875 0.046875 0.0359375
1 0.56953125 0.20703125 0.0390625 0.040625
1 0.5140625 0.31953125 0.040625 0.040625
1 0.6625 0.27578125 0.0546875 0.040625
5 0.6828125 0.16328125 0.009375 0.065625
6 0.8354227406250001 0.6201265828125 0.900731778125 0.620263290625 0.9007288625 0.312658228125 0.627842565625 0.3125316453125 0.62799416875 0.40252911406249997 0.8354227406250001 0.4024050640625 0.8354227406250001 0.6201265828125