0 0.1296875 0.803125 0.0359375 0.034375
0 0.34453125 0.803125 0.034375 0.0375
0 0.32890625 0.13671875 0.0359375 0.0359375
0 0.7703125 0.803125 0.034375 0.034375
0 0.8765625 0.21484375 0.0375 0.0390625
8 0.8859375 0.63984375 0.015625 0.15
8 0.88671875 0.384375 0.0140625 0.165625
8 0.11875 0.3296875 0.015625 0.146875
2 0.2734375 0.740625 0.0921875 0.14375
1 0.3890625 0.43828125 0.046875 0.115625
1 0.43125 0.290625 0.046875 0.125
2 0.4046875 0.7421875 0.0828125 0.1375
1 0.4765625 0.70078125 0.0625 0.1171875
2 0.828125 0.7375 0.0828125 0.115625
1 0.8609375 0.50390625 0.0484375 0.115625
8 0.203125 0.13515625 0.05625 0.034375
8 0.4125 0.134375 0.05625 0.0375
8 0.5375 0.13671875 0.0546875 0.034375
1 0.13515625 0.4671875 0.053125 0.1078125
8 0.11796875 0.59921875 0.015625 0.1484375