0 0.7546875 0.15 0.01640625 0.01015625
0 0.75390625 0.78203125 0.015625 0.01796875
0 0.52421875 0.78125 0.01640625 0.01796875
0 0.246875 0.78203125 0.01640625 0.0171875
0 0.24609375 0.4234375 0.01640625 0.02109375
0 0.52890625 0.47734375 0.01640625 0.01171875
0 0.53125 0.15078125 0.01640625 0.0109375
8 0.75859375 0.309375 0.009375 0.03671875
8 0.75546875 0.4640625 0.015625 0.0640625
8 0.64921875 0.78203125 0.075 0.02578125
8 0.459375 0.78125 0.04375 0.025
8 0.3203125 0.78125 0.04375 0.02265625
8 0.2453125 0.51953125 0.01640625 0.06640625
8 0.409375 0.4234375 0.0203125 0.02421875
8 0.528125 0.27578125 0.0140625 0.1171875
1 0.34765625 0.5921875 0.028125 0.04453125
1 0.40546875 0.5453125 0.028125 0.06015625
1 0.3734375 0.6375 0.028125 0.059375
1 0.434375 0.63828125 0.02734375 0.0578125
1 0.4734375 0.55859375 0.01484375 0.0328125
1 0.50546875 0.50078125 0.03046875 0.075
1 0.584375 0.44375 0.025 0.04296875
8 0.53046875 0.41328125 0.01484375 0.03515625
1 0.5515625 0.39375 0.03046875 0.06640625
2 0.7484375 0.65625 0.03203125 0.06796875