0 0.06484375 0.2609375 0.04375 0.01875
0 0.0625 0.81171875 0.0375 0.0203125
0 0.9390625 0.815625 0.0296875 0.0125
0 0.92578125 0.26171875 0.05625 0.01875
1 0.06796875 0.57265625 0.05 0.0703125
1 0.240625 0.57265625 0.05 0.0703125
1 0.26953125 0.4875 0.0453125 0.0625
1 0.3109375 0.43515625 0.040625 0.04375
1 0.471875 0.41484375 0.040625 0.0578125
1 0.5796875 0.4390625 0.03125 0.0359375
1 0.62578125 0.43828125 0.034375 0.0375
1 0.62421875 0.5375 0.034375 0.0375
1 0.73515625 0.5375 0.034375 0.0375
1 0.7734375 0.4875 0.04375 0.0625
1 0.2390625 0.71328125 0.03125 0.034375
1 0.865625 0.61484375 0.0359375 0.040625
1 0.90078125 0.596875 0.034375 0.0484375
8 0.8140625 0.62890625 0.0671875 0.0125
8 0.75859375 0.70390625 0.0125 0.140625
8 0.60234375 0.35703125 0.0140625 0.1125