0 0.31796875 0.20546875 0.0296875 0.025
0 0.67890625 0.20546875 0.028125 0.025
0 0.67890625 0.8703125 0.028125 0.025
0 0.31796875 0.8703125 0.0296875 0.025
8 0.3875 0.20625 0.0515625 0.025
8 0.628125 0.20625 0.046875 0.025
8 0.609375 0.8703125 0.0484375 0.025
8 0.49921875 0.87109375 0.05 0.025
8 0.6859375 0.60546875 0.015625 0.0421875
1 0.48828125 0.23125 0.0359375 0.040625
1 0.5015625 0.40234375 0.0375 0.053125
1 0.571875 0.40234375 0.0390625 0.0546875
1 0.57109375 0.51015625 0.0375 0.053125
1 0.60625 0.63359375 0.0390625 0.0546875
1 0.571875 0.68046875 0.0359375 0.0390625
1 0.5359375 0.68125 0.0359375 0.040625
1 0.3984375 0.63515625 0.0359375 0.040625
2 0.31953125 0.40703125 0.03125 0.0859375
2 0.31953125 0.73828125 0.03125 0.0859375