0 0.58671875 0.178125 0.009375 0.0296875
0 0.70390625 0.26328125 0.0203125 0.0140625
0 0.73203125 0.69375 0.009375 0.028125
0 0.70625 0.703125 0.0203125 0.0140625
0 0.71171875 0.80859375 0.009375 0.028125
0 0.525 0.80859375 0.0109375 0.028125
0 0.5296875 0.703125 0.0203125 0.0140625
0 0.26171875 0.69375 0.009375 0.028125
0 0.26171875 0.453125 0.009375 0.028125
0 0.428125 0.178125 0.009375 0.028125
0 0.296875 0.2625 0.0203125 0.015625
0 0.296875 0.44453125 0.0203125 0.015625
0 0.5296875 0.44609375 0.0203125 0.015625
8 0.359375 0.26171875 0.0625 0.0125
8 0.45390625 0.26171875 0.028125 0.0125
8 0.51484375 0.26171875 0.05625 0.0125
8 0.646875 0.26171875 0.0625 0.0125
8 0.7203125 0.4453125 0.0171875 0.0125
8 0.65 0.7015625 0.075 0.0125
8 0.47265625 0.7015625 0.0625 0.0125
8 0.3359375 0.7015625 0.0625 0.0125
1 0.5640625 0.2421875 0.0390625 0.0515625
1 0.4546875 0.37890625 0.0453125 0.053125
1 0.40546875 0.42578125 0.0375 0.053125
1 0.38359375 0.53359375 0.040625 0.0515625
1 0.43203125 0.53359375 0.0421875 0.0515625
1 0.48125 0.4796875 0.0546875 0.0578125
1 0.56484375 0.425 0.0390625 0.053125
1 0.571875 0.6796875 0.0421875 0.05625