0 0.15859375 0.23828125 0.009375 0.02265625
0 0.884375 0.6453125 0.01015625 0.0234375
0 0.87578125 0.65078125 0.00859375 0.01171875
0 0.1671875 0.234375 0.00859375 0.01328125
8 0.19609375 0.23515625 0.03125 0.0125
8 0.340625 0.234375 0.03046875 0.0125
8 0.43828125 0.1578125 0.0546875 0.0140625
8 0.809375 0.1578125 0.0625 0.0140625
8 0.884375 0.2890625 0.01015625 0.1265625
8 0.884375 0.56953125 0.009375 0.03828125
8 0.746875 0.65078125 0.03046875 0.0125
8 0.540625 0.7140625 0.0109375 0.07734375
8 0.2375 0.64765625 0.05546875 0.01171875
8 0.15859375 0.2703125 0.01015625 0.03828125
1 0.50390625 0.24921875 0.0234375 0.0421875
1 0.53515625 0.26875 0.034375 0.0359375
1 0.55390625 0.4078125 0.0234375 0.040625
1 0.86484375 0.4578125 0.05 0.05078125
1 0.8078125 0.628125 0.0359375 0.05859375
1 0.75859375 0.5734375 0.03203125 0.03125
1 0.4890625 0.63203125 0.028125 0.03828125
1 0.53984375 0.6265625 0.03203125 0.03671875
1 0.36796875 0.609375 0.025 0.0375
2 0.653125 0.42421875 0.065625 0.05234375
2 0.65 0.6015625 0.065625 0.05