0 0.10703125 0.88984375 0.05 0.015625
0 0.89140625 0.78046875 0.05625 0.01875
0 0.89140625 0.13515625 0.053125 0.01875
0 0.24375 0.13515625 0.05 0.01875
8 0.20390625 0.88984375 0.053125 0.015625
8 0.48515625 0.89609375 0.128125 0.0421875
8 0.37578125 0.890625 0.059375 0.021875
8 0.9171875 0.3203125 0.059375 0.096875
1 0.66796875 0.79765625 0.075 0.075
1 0.66171875 0.3796875 0.0828125 0.0625
1 0.59453125 0.2484375 0.0859375 0.05625
1 0.44609375 0.21171875 0.0859375 0.0578125
1 0.51796875 0.43515625 0.078125 0.0578125
1 0.3046875 0.66484375 0.0796875 0.059375
1 0.30546875 0.496875 0.0828125 0.053125
1 0.30859375 0.38046875 0.078125 0.04375