2 0.88515625 0.46953125 0.0765625 0.04375
2 0.54375 0.55390625 0.0484375 0.0890625
1 0.3203125 0.55 0.0734375 0.071875
1 0.328125 0.67890625 0.0578125 0.0546875
1 0.19296875 0.61953125 0.0484375 0.0671875
0 0.1046875 0.3 0.0390625 0.0125
0 0.3515625 0.31875 0.0109375 0.05
0 0.5484375 0.3 0.0375 0.0125
0 0.9140625 0.3 0.0375 0.0125
0 0.928125 0.31875 0.0109375 0.025
0 0.82890625 0.7515625 0.0375 0.0125
0 0.5625 0.7328125 0.0109375 0.05
0 0.3375 0.5921875 0.0375 0.0125
0 0.1046875 0.7125 0.0390625 0.0125
0 0.090625 0.69375 0.0109375 0.025
8 0.71875 0.3 0.190625 0.0125
8 0.84296875 0.62421875 0.0109375 0.146875
8 0.69296875 0.7515625 0.190625 0.0125
8 0.45703125 0.7125 0.128125 0.0125
8 0.45078125 0.3 0.128125 0.0125
8 0.22109375 0.3 0.128125 0.0125
8 0.090625 0.44609375 0.0109375 0.2203125