0 0.221875 0.85 0.0421875 0.015625
0 0.396875 0.85 0.0296875 0.015625
0 0.71640625 0.85 0.04375 0.015625
0 0.396875 0.78359375 0.0296875 0.015625
0 0.54140625 0.7765625 0.0203125 0.0125
0 0.69609375 0.62578125 0.0171875 0.03125
0 0.69609375 0.36796875 0.0171875 0.03125
0 0.671875 0.24296875 0.0359375 0.015625
0 0.671875 0.18828125 0.0359375 0.015625
0 0.5140625 0.19375 0.01875 0.025
0 0.43125 0.62734375 0.01875 0.03125
0 0.43125 0.36796875 0.01875 0.03125
0 0.37578125 0.19296875 0.0296875 0.015625
0 0.165625 0.35234375 0.0359375 0.015625
0 0.165625 0.1859375 0.0359375 0.015625
1 0.584375 0.7953125 0.0375 0.0375
1 0.54296875 0.65625 0.0421875 0.028125
1 0.54140625 0.23046875 0.0375 0.040625
1 0.47734375 0.26796875 0.05 0.05
1 0.365625 0.31328125 0.05 0.0375
1 0.20703125 0.1734375 0.0375 0.040625
1 0.4046875 0.65546875 0.0421875 0.028125
1 0.359375 0.7953125 0.04375 0.0375
8 0.79609375 0.7078125 0.009375 0.084375
8 0.69140625 0.55078125 0.009375 0.08125
8 0.69140625 0.4421875 0.009375 0.08125
8 0.715625 0.3015625 0.009375 0.071875
8 0.66015625 0.215625 0.0046875 0.040625
8 0.184375 0.2609375 0.009375 0.08125
8 0.18359375 0.7078125 0.0109375 0.096875
8 0.40625 0.35625 0.03125 0.0078125