2 0.4046875 0.87890625 0.09375 0.1640625
1 0.5578125 0.32734375 0.06875 0.084375
1 0.64765625 0.4 0.090625 0.1078125
0 0.1484375 0.76875 0.015625 0.05625
0 0.17109375 0.7890625 0.03125 0.015625
0 0.365625 0.76875 0.015625 0.05625
0 0.384375 0.96875 0.053125 0.015625
0 0.89375 0.9484375 0.015625 0.05625
0 0.89375 0.4671875 0.015625 0.05625
0 0.89375 0.1375 0.015625 0.05625
0 0.87109375 0.1171875 0.0296875 0.015625
0 0.596875 0.1375 0.015625 0.05625
0 0.43046875 0.03359375 0.015625 0.05625
0 0.1484375 0.03359375 0.015625 0.05625
0 0.43046875 0.42421875 0.015625 0.05625
8 0.64921875 0.96953125 0.265625 0.015625
8 0.89375 0.7078125 0.015625 0.2796875
8 0.89375 0.28125 0.015625 0.1875
8 0.7453125 0.1171875 0.178125 0.015625
8 0.51484375 0.1171875 0.08125 0.015625
8 0.1484375 0.40078125 0.015625 0.2796875