0 0.75390625 0.2375 0.1109375 0.02109375
0 0.4671875 0.2375 0.12421875 0.02421875
0 0.384375 0.32578125 0.09296875 0.0234375
0 0.5328125 0.4640625 0.0296875 0.1140625
0 0.39609375 0.5078125 0.1109375 0.02578125
0 0.9234375 0.38203125 0.0296875 0.12734375
1 0.87578125 0.2421875 0.0828125 0.0140625
1 0.6578125 0.321875 0.0640625 0.01484375
1 0.58359375 0.35 0.0125 0.0578125
1 0.49609375 0.51171875 0.059375 0.01171875
4 0.653125 0.38046875 0.06953125 0.0125
8 0.609375 0.5453125 0.09140625 0.0140625
8 0.8046875 0.51171875 0.15234375 0.01484375
8 0.3015625 0.4171875 0.015625 0.1203125
8 0.52734375 0.28125 0.015625 0.03828125
8 0.3640625 0.55 0.01796875 0.0390625