5 0.92578125 0.61015625 0.01875 0.1609375
2 0.84375 0.2890625 0.0765625 0.0734375
1 0.73359375 0.21015625 0.075 0.06875
8 0.65546875 0.065625 0.059375 0.028125
1 0.50546875 0.3640625 0.046875 0.084375
1 0.51015625 0.6015625 0.053125 0.05625
1 0.46171875 0.66953125 0.046875 0.0625
1 0.3484375 0.53359375 0.06875 0.065625
1 0.34765625 0.4625 0.04375 0.075
1 0.46328125 0.53046875 0.0515625 0.0546875
8 0.43125 0.9046875 0.05625 0.028125
8 0.55625 0.74453125 0.03125 0.025
8 0.66484375 0.74375 0.05625 0.028125
8 0.36875 0.21484375 0.03125 0.0265625
0 0.5265625 0.890625 0.0171875 0.0578125
0 0.0671875 0.890625 0.015625 0.059375
0 0.06640625 0.23046875 0.015625 0.05625
0 0.76171875 0.07890625 0.01875 0.05625
0 0.925 0.2828125 0.015625 0.059375
0 0.925 0.72890625 0.0171875 0.05625