0 0.1546875 0.15 0.021875 0.046875
0 0.81796875 0.15 0.025 0.0484375
0 0.81796875 0.58203125 0.0234375 0.0484375
0 0.8 0.85234375 0.0625 0.01875
0 0.17421875 0.85234375 0.0609375 0.01875
0 0.1546875 0.58203125 0.0234375 0.05
8 0.81875 0.42265625 0.034375 0.1765625
8 0.81796875 0.73203125 0.0375 0.178125
8 0.63984375 0.85234375 0.225 0.0265625
8 0.1546875 0.71171875 0.034375 0.18125
8 0.1546875 0.471875 0.03125 0.1390625
1 0.478125 0.25625 0.096875 0.06875
1 0.5953125 0.25625 0.096875 0.06875
1 0.3328125 0.359375 0.1046875 0.06875
1 0.47890625 0.4125 0.096875 0.071875
1 0.38046875 0.83125 0.103125 0.071875