0 0.6234375 0.2796875 0.0203125 0.028125
0 0.721875 0.12109375 0.021875 0.00625
0 0.44609375 0.12109375 0.021875 0.00625
0 0.721875 0.5828125 0.021875 0.0109375
0 0.62578125 0.59765625 0.01875 0.0390625
0 0.2671875 0.79765625 0.021875 0.03125
0 0.6234375 0.79765625 0.021875 0.03125
0 0.2671875 0.2796875 0.021875 0.028125
8 0.5578125 0.27890625 0.0671875 0.03125
8 0.62578125 0.3890625 0.0203125 0.140625
8 0.625 0.69140625 0.021875 0.1421875
8 0.209375 0.7578125 0.015625 0.053125
8 0.1859375 0.6421875 0.0375 0.021875
8 0.2359375 0.6421875 0.025 0.021875
8 0.38203125 0.6875 0.009375 0.0515625
8 0.4171875 0.27890625 0.0296875 0.0328125
8 0.29453125 0.27890625 0.0359375 0.03125
8 0.46171875 0.38671875 0.015625 0.071875
8 0.265625 0.321875 0.021875 0.053125
8 0.265625 0.39140625 0.021875 0.053125
8 0.26484375 0.54296875 0.0203125 0.046875
1 0.35625 0.43359375 0.034375 0.071875
1 0.4171875 0.5375 0.0328125 0.065625
1 0.3546875 0.5375 0.03125 0.0671875
1 0.34140625 0.60859375 0.0203125 0.0390625
1 0.24375 0.68671875 0.0296875 0.0546875
1 0.190625 0.6875 0.028125 0.05625
1 0.32265625 0.4859375 0.025 0.046875
6 0.128125 0.67265625 0.06875 0.08125
6 0.42109375 0.709375 0.0671875 0.14375
6 0.74765625 0.38671875 0.040625 0.0703125