1 0.50390625 0.584375 0.06875 0.06875
1 0.43671875 0.521875 0.0671875 0.0484375
1 0.79609375 0.45703125 0.0890625 0.0484375
8 0.3359375 0.1609375 0.115625 0.053125
8 0.81015625 0.27421875 0.059375 0.06875
8 0.19765625 0.409375 0.0578125 0.0671875
8 0.184375 0.5421875 0.0296875 0.034375
8 0.35078125 0.85546875 0.0578125 0.015625
8 0.828125 0.63828125 0.0234375 0.05
0 0.80546875 0.8515625 0.059375 0.021875
0 0.80703125 0.14296875 0.065625 0.025
0 0.2015625 0.14296875 0.065625 0.025
0 0.20078125 0.8515625 0.0609375 0.021875