0 0.86796875 0.1578125 0.0109375 0.0484375
0 0.86796875 0.37734375 0.009375 0.05
0 0.86796875 0.5859375 0.009375 0.05
0 0.5609375 0.8109375 0.009375 0.05
0 0.46953125 0.859375 0.009375 0.05
0 0.196875 0.859375 0.0109375 0.05
0 0.196875 0.45859375 0.0109375 0.05
0 0.196875 0.10390625 0.0109375 0.05
0 0.5609375 0.1171875 0.009375 0.05
0 0.4484375 0.3 0.053125 0.0109375
0 0.58203125 0.396875 0.053125 0.0078125
0 0.5609375 0.58515625 0.0109375 0.05
8 0.128125 0.54375 0.0109375 0.0515625
8 0.196875 0.65390625 0.0109375 0.0515625
8 0.3328125 0.87890625 0.1140625 0.009375
8 0.6328125 0.75703125 0.1140625 0.0078125
8 0.7953125 0.75703125 0.1140625 0.0078125
8 0.86796875 0.68828125 0.009375 0.109375
8 0.86796875 0.46640625 0.009375 0.109375
8 0.86796875 0.2671875 0.009375 0.109375
8 0.7078125 0.1375 0.1140625 0.009375
8 0.48046875 0.0828125 0.0515625 0.009375
8 0.35859375 0.0828125 0.053125 0.009375
8 0.25546875 0.0828125 0.0515625 0.009375
8 0.196875 0.3828125 0.0109375 0.103125
1 0.3765625 0.1796875 0.0609375 0.05
1 0.2265625 0.27578125 0.0515625 0.0578125
1 0.53515625 0.17109375 0.0609375 0.0484375
1 0.44453125 0.44921875 0.0609375 0.05
1 0.303125 0.6765625 0.053125 0.0421875
1 0.58671875 0.36875 0.0609375 0.0484375
1 0.58671875 0.42578125 0.0609375 0.0484375
1 0.4484375 0.67578125 0.0515625 0.040625
1 0.44375 0.72890625 0.0609375 0.05
1 0.515625 0.80625 0.0515625 0.0578125
1 0.58671875 0.7234375 0.059375 0.0484375