0 0.8578125 0.11796875 0.03515625 0.02109375
0 0.14921875 0.87421875 0.04453125 0.015625
0 0.41171875 0.11875 0.05546875 0.02109375
8 0.4953125 0.87421875 0.2015625 0.015625
8 0.86953125 0.35625 0.0125 0.18046875
8 0.1328125 0.5921875 0.01328125 0.1859375
1 0.4921875 0.26015625 0.0640625 0.090625
1 0.415625 0.453125 0.0640625 0.090625
1 0.4921875 0.453125 0.0640625 0.090625
1 0.43359375 0.5421875 0.05703125 0.0625
1 0.36171875 0.8125 0.06328125 0.09140625
5 0.20234375 0.796875 0.1046875 0.00859375
6 0.69375 0.7359375 0.3390625 0.26171875
0 0.84375 0.87421875 0.0640625 0.015625
8 0.86953125 0.7359375 0.0125 0.18125
1 0.5640625 0.56875 0.06484375 0.071875