8 0.38203125 0.17421875 0.06875 0.0171875
8 0.69296875 0.17421875 0.06875 0.015625
8 0.54375 0.17421875 0.0203125 0.01796875
8 0.734375 0.5375 0.01796875 0.01328125
8 0.62265625 0.5390625 0.0515625 0.01171875
8 0.2765625 0.409375 0.01640625 0.0578125
8 0.584375 0.58828125 0.01640625 0.04140625
8 0.528125 0.7515625 0.02265625 0.0109375
8 0.475 0.7515625 0.06796875 0.0109375
8 0.4203125 0.75078125 0.0265625 0.0109375
8 0.29375 0.67578125 0.01640625 0.0109375
8 0.3171875 0.67578125 0.01796875 0.01171875
8 0.3421875 0.67578125 0.015625 0.01328125
1 0.36875 0.61796875 0.01015625 0.0375
1 0.54921875 0.53671875 0.05 0.0078125
1 0.6546875 0.51328125 0.0109375 0.0359375
1 0.603125 0.41796875 0.01015625 0.0359375
1 0.521875 0.3453125 0.04921875 0.0078125
1 0.584375 0.3453125 0.05 0.0078125
1 0.525 0.278125 0.0421875 0.0078125
1 0.440625 0.3703125 0.01015625 0.04140625
0 0.2765625 0.1859375 0.01484375 0.0328125
0 0.79140625 0.1921875 0.0171875 0.0453125
0 0.7921875 0.36875 0.0171875 0.04453125
0 0.79140625 0.69296875 0.01875 0.0453125
0 0.584375 0.74296875 0.015625 0.0296875
0 0.365625 0.734375 0.01484375 0.0453125
0 0.27734375 0.6625 0.0140625 0.040625
6 0.678125 0.39453125 0.24453125 0.0984375