0 0.859375 0.078125 0.0296875 0.009375
0 0.86796875 0.290625 0.0125 0.0234375
0 0.86796875 0.571875 0.0125 0.0234375
0 0.85859375 0.85390625 0.0296875 0.009375
0 0.38203125 0.85390625 0.0296875 0.009375
0 0.38203125 0.57890625 0.028125 0.0078125
0 0.1 0.58046875 0.0296875 0.009375
0 0.1 0.296875 0.0296875 0.009375
0 0.1 0.078125 0.0296875 0.009375
0 0.384375 0.078125 0.0296875 0.009375
0 0.384375 0.296875 0.0296875 0.009375
8 0.6296875 0.078125 0.0984375 0.0109375
8 0.3328125 0.078125 0.0734375 0.0109375
8 0.17734375 0.078125 0.0984375 0.0109375
8 0.09140625 0.12265625 0.0140625 0.059375
8 0.16953125 0.5796875 0.0734375 0.0109375
8 0.62890625 0.85390625 0.1 0.0125
8 0.7921875 0.85390625 0.0984375 0.0109375
1 0.3109375 0.18828125 0.071875 0.05
1 0.365625 0.26015625 0.0703125 0.0484375
1 0.2515625 0.31953125 0.0609375 0.0546875
1 0.503125 0.49609375 0.0703125 0.0484375
1 0.67578125 0.55703125 0.0640625 0.05625
1 0.79765625 0.37890625 0.0625 0.0546875
1 0.69765625 0.43359375 0.0640625 0.0546875
8 0.86796875 0.12265625 0.0140625 0.078125
6 0.81875 0.6875 0.1796875 0.3171875
5 0.49765625 0.57890625 0.1953125 0.0125