0 0.203125 0.18359375 0.0203125 0.01484375
0 0.43046875 0.184375 0.02109375 0.01484375
0 0.44140625 0.3453125 0.0203125 0.01484375
0 0.70234375 0.34453125 0.0203125 0.01484375
0 0.70234375 0.5640625 0.0203125 0.01484375
0 0.56328125 0.5671875 0.0203125 0.01484375
0 0.55234375 0.8484375 0.0203125 0.0140625
0 0.36015625 0.8484375 0.0203125 0.0140625
0 0.203125 0.8484375 0.0203125 0.0140625
0 0.3671875 0.584375 0.01171875 0.02578125
0 0.203125 0.46875 0.0203125 0.01484375
8 0.28203125 0.18359375 0.10390625 0.0171875
8 0.4359375 0.22734375 0.0125 0.075
8 0.49765625 0.3453125 0.071875 0.0171875
8 0.6328125 0.3453125 0.071875 0.0171875
8 0.7078125 0.45625 0.01171875 0.11171875
8 0.63671875 0.565625 0.10390625 0.015625
8 0.5578125 0.70234375 0.0140625 0.16171875
8 0.4875 0.8484375 0.103125 0.0171875
8 0.19765625 0.52265625 0.0125 0.0796875
8 0.28203125 0.8484375 0.1015625 0.01796875
1 0.334375 0.44375 0.05859375 0.06484375
1 0.33515625 0.60234375 0.05703125 0.06015625
1 0.284375 0.5390625 0.0484375 0.07109375
1 0.39765625 0.82421875 0.05625 0.065625
1 0.58203125 0.5171875 0.0625 0.084375