0 0.859375 0.09453125 0.028125 0.05625
0 0.52109375 0.09296875 0.028125 0.0625
8 0.60078125 0.09609375 0.084375 0.059375
8 0.78046875 0.09375 0.078125 0.0578125
8 0.78046875 0.70234375 0.08125 0.059375
8 0.58359375 0.71484375 0.04375 0.040625
8 0.40546875 0.8484375 0.08125 0.06875
8 0.159375 0.678125 0.06875 0.103125
1 0.69609375 0.3796875 0.078125 0.0671875
1 0.690625 0.51796875 0.059375 0.05625
1 0.63359375 0.58125 0.05625 0.0578125
1 0.634375 0.31796875 0.05625 0.059375
1 0.58125 0.38828125 0.0625 0.0546875
1 0.459375 0.36875 0.078125 0.090625
1 0.2625 0.37578125 0.09375 0.1046875
0 0.51328125 0.85234375 0.03125 0.0609375
0 0.86015625 0.703125 0.025 0.0546875
0 0.14453125 0.853125 0.028125 0.059375
0 0.14375 0.346875 0.028125 0.0578125