0 0.2078125 0.29296875 0.015625 0.065625
0 0.22109375 0.778125 0.0421875 0.028125
0 0.45390625 0.8 0.015625 0.0640625
0 0.61484375 0.84921875 0.015625 0.065625
0 0.79609375 0.53671875 0.015625 0.0640625
0 0.79609375 0.29296875 0.015625 0.065625
0 0.6171875 0.29296875 0.015625 0.065625
0 0.4546875 0.29296875 0.015625 0.065625
0 0.3796875 0.29296875 0.015625 0.065625
5 0.70703125 0.2515625 0.125 0.0078125
8 0.5390625 0.18828125 0.0875 0.01875
8 0.41875 0.25625 0.0296875 0.0203125
8 0.296875 0.18984375 0.1078125 0.0203125
8 0.2859375 0.7796875 0.0296875 0.021875
8 0.39296875 0.7796875 0.0875 0.021875
1 0.325 0.64921875 0.0375 0.05625
1 0.35546875 0.5796875 0.065625 0.084375
1 0.4296875 0.64921875 0.0375 0.05625
1 0.40546875 0.4296875 0.0375 0.05625
1 0.48359375 0.5078125 0.0453125 0.065625
1 0.68125 0.8203125 0.0734375 0.084375