0 0.12421875 0.10078125 0.021875 0.0359375
0 0.125 0.86640625 0.021875 0.03828125
0 0.44296875 0.87578125 0.03359375 0.01875
0 0.8171875 0.86640625 0.02265625 0.0359375
0 0.8171875 0.46328125 0.02265625 0.0390625
0 0.4953125 0.371875 0.0171875 0.03515625
0 0.4953125 0.5515625 0.01640625 0.03671875
0 0.12421875 0.4640625 0.0203125 0.0359375
0 0.81640625 0.10859375 0.021875 0.040625
8 0.31484375 0.084375 0.0578125 0.04296875
8 0.66015625 0.09609375 0.0578125 0.04140625
1 0.57421875 0.08046875 0.0515625 0.06953125
1 0.53125 0.36484375 0.03828125 0.05
1 0.75 0.409375 0.05625 0.0515625
1 0.53359375 0.56171875 0.04296875 0.06015625
2 0.63515625 0.775 0.05859375 0.08828125
1 0.57734375 0.85625 0.06015625 0.06171875
0 0.44453125 0.09375 0.03671875 0.021875