0 0.24453125 0.2234375 0.03046875 0.01953125
0 0.74140625 0.3328125 0.0296875 0.01015625
0 0.7421875 0.64921875 0.02890625 0.01015625
8 0.23515625 0.4984375 0.0109375 0.13984375
8 0.23515625 0.31875 0.0109375 0.08515625
8 0.4171875 0.22421875 0.02109375 0.01875
8 0.44375 0.22421875 0.0203125 0.01875
8 0.5234375 0.3359375 0.01953125 0.01953125
8 0.6171875 0.33203125 0.01796875 0.009375
8 0.75234375 0.41640625 0.0078125 0.13515625
8 0.7515625 0.5640625 0.0078125 0.13125
8 0.58125 0.81796875 0.0265625 0.01875
8 0.521875 0.81796875 0.04609375 0.01875
8 0.4171875 0.69140625 0.0765625 0.01875
1 0.4078125 0.3265625 0.034375 0.04140625
1 0.440625 0.36015625 0.034375 0.040625
1 0.3859375 0.38046875 0.0328125 0.04609375
1 0.48125 0.359375 0.03671875 0.040625
6 0.53515625 0.49765625 0.0765625 0.096875
1 0.58203125 0.75234375 0.03828125 0.0546875
1 0.4796875 0.73125 0.0390625 0.05546875
0 0.24609375 0.69140625 0.03203125 0.01875
8 0.3015625 0.69140625 0.07890625 0.01875
1 0.55546875 0.475 0.03828125 0.05546875