0 0.0828125 0.11171875 0.009375 0.03359375
0 0.1125 0.76171875 0.00703125 0.03046875
0 0.7796875 0.9109375 0.0328125 0.009375
0 0.909375 0.109375 0.03828125 0.03046875
8 0.4234375 0.0984375 0.06640625 0.00859375
8 0.5578125 0.09921875 0.06640625 0.00859375
8 0.69375 0.09921875 0.0671875 0.00859375
8 0.9265625 0.17734375 0.0046875 0.053125
8 0.85703125 0.54375 0.09296875 0.00703125
5 0.79296875 0.79296875 0.00703125 0.14375
8 0.1125 0.646875 0.00703125 0.14375
5 0.4609375 0.53671875 0.0046875 0.09375
5 0.3984375 0.34375 0.06015625 0.00625
5 0.5828125 0.34375 0.06015625 0.00625
5 0.71640625 0.34375 0.06015625 0.00625
1 0.465625 0.34140625 0.03828125 0.0421875
1 0.515625 0.34140625 0.03828125 0.0421875
1 0.6484375 0.34140625 0.0375 0.0421875
1 0.7828125 0.21796875 0.03359375 0.0375
1 0.8578125 0.1984375 0.03359375 0.04765625
1 0.7328125 0.4375 0.04140625 0.05859375
1 0.7390625 0.49453125 0.03125 0.03515625
1 0.5890625 0.515625 0.0359375 0.05
1 0.5125 0.49453125 0.03125 0.03515625
1 0.38984375 0.55703125 0.0375 0.05
1 0.37265625 0.4359375 0.04140625 0.05859375
1 0.25546875 0.81875 0.03125 0.0609375
1 0.27265625 0.84765625 0.03203125 0.0390625