0 0.32265625 0.83671875 0.01875 0.00625
0 0.68984375 0.83671875 0.01875 0.00625
0 0.69140625 0.5234375 0.01875 0.00625
0 0.32265625 0.18828125 0.01875 0.00625
0 0.484375 0.1875 0.01875 0.00625
0 0.484375 0.45625 0.01875 0.0078125
0 0.31484375 0.45625 0.003125 0.00625
0 0.32421875 0.45625 0.015625 0.00625
8 0.409375 0.8359375 0.075 0.009375
8 0.6265625 0.8359375 0.0578125 0.0109375
8 0.69921875 0.734375 0.0046875 0.084375
8 0.6984375 0.57734375 0.00625 0.075
8 0.51171875 0.49765625 0.021875 0.0109375
8 0.31484375 0.72265625 0.00625 0.084375
1 0.51640625 0.81171875 0.0296875 0.0625
1 0.54140625 0.75625 0.0203125 0.034375
1 0.53984375 0.55703125 0.021875 0.0453125
1 0.45390625 0.47890625 0.0265625 0.05625
1 0.3234375 0.3921875 0.025 0.040625
1 0.5953125 0.60390625 0.0234375 0.040625
6 0.65390625 0.57734375 0.0875 0.1078125
1 0.571875 0.5484375 0.03125 0.0640625