1 0.48125 0.35 0.05703125 0.0078125
1 0.421875 0.409375 0.0421875 0.0078125
1 0.45 0.4296875 0.009375 0.040625
1 0.678125 0.4296875 0.01484375 0.0390625
1 0.7984375 0.40859375 0.04140625 0.00625
8 0.359375 0.571875 0.09609375 0.0078125
8 0.49296875 0.571875 0.0671875 0.00859375
8 0.5859375 0.571875 0.09609375 0.009375
8 0.7484375 0.571875 0.09140625 0.0078125
8 0.82109375 0.51171875 0.0203125 0.04375
7 0.715625 0.38046875 0.00859375 0.0265625
7 0.33828125 0.38046875 0.009375 0.0265625
0 0.2640625 0.484375 0.0203125 0.1609375
0 0.284375 0.56875 0.059375 0.015625
0 0.66796875 0.56875 0.0734375 0.0140625
0 0.68046875 0.50546875 0.01875 0.115625
0 0.82734375 0.46171875 0.0390625 0.23046875
0 0.809375 0.56875 0.03515625 0.0140625