0 0.1578125 0.07421875 0.021875 0.0546875
0 0.846875 0.26875 0.0265625 0.0546875
0 0.15859375 0.8390625 0.0234375 0.0609375
1 0.8453125 0.71875 0.0234375 0.0578125
1 0.36875 0.35625 0.0625 0.08125
1 0.51640625 0.365625 0.0515625 0.0609375
1 0.50703125 0.29296875 0.04375 0.0734375
1 0.6984375 0.2890625 0.0515625 0.0984375
1 0.69921875 0.3765625 0.05625 0.0765625
2 0.72421875 0.69140625 0.1125 0.1234375
1 0.59140625 0.78515625 0.065625 0.1
1 0.4703125 0.81796875 0.0671875 0.103125
2 0.2875 0.8125 0.11875 0.121875
8 0.46796875 0.06171875 0.065625 0.04375
8 0.15625 0.21484375 0.0359375 0.1359375
8 0.15625 0.625 0.0328125 0.1375
8 0.8453125 0.54609375 0.021875 0.13125
1 0.84375 0.32734375 0.0296875 0.06875
1 0.571875 0.57109375 0.04375 0.0703125
6 0.53515625 0.47578125 0.1453125 0.1453125