0 0.16171875 0.10078125 0.009375 0.01875
0 0.1734375 0.09453125 0.0125 0.0078125
0 0.85 0.90625 0.009375 0.021875
0 0.83828125 0.9125 0.0140625 0.009375
8 0.36171875 0.09453125 0.1 0.0078125
8 0.16171875 0.2984375 0.009375 0.034375
8 0.16171875 0.43515625 0.009375 0.075
8 0.2390625 0.87890625 0.009375 0.046875
5 0.2390625 0.75234375 0.009375 0.06875
8 0.3765625 0.96171875 0.0828125 0.0078125
8 0.74453125 0.9125 0.084375 0.009375
1 0.57578125 0.88984375 0.05 0.0546875
1 0.6625 0.65234375 0.0609375 0.053125
1 0.75859375 0.69921875 0.0515625 0.0453125
8 0.85 0.70546875 0.009375 0.034375
8 0.85 0.58203125 0.009375 0.06875
6 0.7019404140625001 0.6320758625 0.8458549218750001 0.6321839078125 0.8459870468749999 0.53229885 0.6188181703125 0.5323125906249999 0.6184331453125 0.5803150703125 0.7020699484375 0.5804643671874999 0.7019404140625001 0.6320758625
1 0.25859375 0.3203125 0.0515625 0.05625
1 0.44765625 0.31953125 0.053125 0.040625
1 0.5140625 0.3984375 0.0515625 0.0375
1 0.53046875 0.49140625 0.053125 0.0390625
1 0.60859375 0.4921875 0.053125 0.0375