0 0.92734375 0.128125 0.0296875 0.015625
0 0.93515625 0.39609375 0.0125 0.040625
0 0.9328125 0.65625 0.01875 0.028125
0 0.9265625 0.9109375 0.028125 0.0125
0 0.5765625 0.909375 0.0296875 0.0171875
0 0.5703125 0.6375 0.01875 0.028125
0 0.56796875 0.39609375 0.0125 0.040625
0 0.5703125 0.1421875 0.01875 0.015625
0 0.828125 0.3625 0.01875 0.0125
0 0.828125 0.459375 0.01875 0.0125
0 0.39296875 0.1265625 0.0296875 0.015625
0 0.40078125 0.40390625 0.0125 0.0328125
0 0.39921875 0.64296875 0.01875 0.028125
0 0.39296875 0.909375 0.028125 0.015625
0 0.04375 0.909375 0.0296875 0.015625
0 0.04375 0.1265625 0.0296875 0.015625
0 0.29609375 0.3625 0.01875 0.0125
0 0.29609375 0.4578125 0.01875 0.0125
8 0.84765625 0.128125 0.1109375 0.015625
8 0.803125 0.81484375 0.096875 0.0140625
8 0.6640625 0.77265625 0.121875 0.015625
6 0.70625 0.4109375 0.121875 0.090625
6 0.20390625 0.41015625 0.184375 0.090625
8 0.2875 0.1265625 0.05625 0.015625
8 0.15 0.1265625 0.0734375 0.015625
5 0.3015625 0.33125 0.00625 0.040625
8 0.2546875 0.55859375 0.0375 0.015625
8 0.29921875 0.55859375 0.0375 0.015625
5 0.175 0.56484375 0.075 0.0046875
8 0.23125 0.79375 0.01875 0.028125
8 0.2703125 0.81484375 0.096875 0.015625
1 0.3734375 0.6171875 0.034375 0.0375
1 0.25546875 0.6828125 0.04375 0.034375
1 0.08359375 0.5515625 0.040625 0.0453125
1 0.25625 0.25078125 0.040625 0.034375
1 0.3703125 0.3203125 0.0375 0.0375
5 0.3515625 0.4125 0.06875 0.015625
5 0.1296875 0.7703125 0.121875 0.015625
0 0.0515625 0.40390625 0.0125 0.034375
0 0.05 0.64296875 0.0171875 0.028125
1 0.90390625 0.68515625 0.040625 0.0390625
1 0.85390625 0.5796875 0.0375 0.034375
1 0.753125 0.6453125 0.040625 0.034375
1 0.60546875 0.6109375 0.034375 0.0375
1 0.63359375 0.1828125 0.05 0.05625