0 0.13203125 0.20625 0.03515625 0.034375
0 0.3421875 0.20625 0.034375 0.0375
0 0.3265625 0.85859375 0.03515625 0.03515625
0 0.759375 0.20625 0.03359375 0.0328125
0 0.8625 0.78203125 0.0359375 0.03828125
8 0.87265625 0.365625 0.015625 0.146875
8 0.8734375 0.615625 0.0140625 0.16171875
8 0.12109375 0.66953125 0.01484375 0.14375
2 0.271875 0.2671875 0.090625 0.13984375
1 0.3859375 0.56328125 0.04609375 0.11328125
1 0.42734375 0.7078125 0.04609375 0.1234375
2 0.4015625 0.265625 0.08125 0.13515625
1 0.47109375 0.30625 0.0609375 0.11484375
2 0.815625 0.2703125 0.08125 0.1125
1 0.84765625 0.49921875 0.04765625 0.1125
8 0.203125 0.86015625 0.05546875 0.034375
8 0.40859375 0.8609375 0.05390625 0.0375
8 0.53046875 0.85859375 0.05390625 0.0328125
1 0.13671875 0.53515625 0.0515625 0.10546875
8 0.1203125 0.40546875 0.01484375 0.1453125