0 0.1671875 0.33359375 0.0265625 0.03125
0 0.16796875 0.7140625 0.025 0.03125
0 0.86875 0.7140625 0.025 0.03125
0 0.86875 0.33359375 0.025 0.03125
8 0.16796875 0.40625 0.025 0.053125
8 0.16796875 0.6609375 0.025 0.05
8 0.86875 0.640625 0.025 0.0515625
8 0.86875 0.525 0.025 0.053125
8 0.58828125 0.721875 0.04375 0.015625
1 0.19453125 0.51328125 0.04375 0.0375
1 0.375 0.52734375 0.05625 0.040625
1 0.37421875 0.6015625 0.05625 0.040625
1 0.48828125 0.60078125 0.05625 0.040625
1 0.61875 0.6375 0.059375 0.040625
1 0.66875 0.6015625 0.0421875 0.0375
1 0.66875 0.56328125 0.0421875 0.0375
1 0.6203125 0.41875 0.040625 0.0375
2 0.3796875 0.33515625 0.090625 0.0328125
2 0.72890625 0.33515625 0.090625 0.0328125