1 0.559375 0.15234375 0.03125 0.040625
8 0.615625 0.13515625 0.0625 0.00625
0 0.7953125 0.14296875 0.00625 0.021875
1 0.7140625 0.60234375 0.0421875 0.053125
8 0.7953125 0.7875 0.0046875 0.146875
0 0.7953125 0.903125 0.0046875 0.025
8 0.61015625 0.9125 0.0625 0.00625
0 0.2875 0.90390625 0.00625 0.025
8 0.33984375 0.9125 0.0625 0.00625
5 0.2875 0.7828125 0.00625 0.1265625
5 0.221875 0.6578125 0.084375 0.00625
8 0.15390625 0.49765625 0.00625 0.1
6 0.3671875 0.440625 0.0875 0.19375
1 0.38984375 0.55546875 0.028125 0.034375
1 0.46953125 0.50703125 0.034375 0.040625
1 0.5203125 0.50546875 0.0375 0.0484375
1 0.51015625 0.440625 0.028125 0.0375
0 0.3203125 0.14140625 0.0046875 0.01875