0 0.09921875 0.76953125 0.01328125 0.0234375
0 0.31328125 0.78203125 0.0140625 0.0234375
0 0.65625 0.78203125 0.0140625 0.0234375
0 0.9109375 0.76953125 0.01328125 0.0234375
0 0.9109375 0.43203125 0.01328125 0.0234375
0 0.6640625 0.42890625 0.0203125 0.015625
0 0.9109375 0.18515625 0.01328125 0.0234375
0 0.60390625 0.18125 0.0203125 0.01640625
0 0.3234375 0.18203125 0.0203125 0.01640625
0 0.3140625 0.43125 0.01328125 0.0234375
0 0.103125 0.42734375 0.0203125 0.015625
0 0.103125 0.18203125 0.01953125 0.01640625
8 0.0984375 0.72734375 0.01171875 0.04765625
8 0.0984375 0.22578125 0.01171875 0.04765625
8 0.21796875 0.9 0.0515625 0.0109375
8 0.27421875 0.9 0.0515625 0.0109375
8 0.4578125 0.9 0.0515625 0.0109375
8 0.5125 0.9 0.0515625 0.0109375
8 0.6953125 0.9 0.0515625 0.0109375
8 0.75234375 0.9 0.0515625 0.0109375
8 0.91171875 0.46640625 0.01171875 0.0375
8 0.91171875 0.225 0.01171875 0.04765625
8 0.7484375 0.17890625 0.06328125 0.01015625
8 0.81640625 0.17890625 0.0640625 0.01015625
8 0.509375 0.17890625 0.0515625 0.01015625
1 0.1765625 0.45078125 0.046875 0.06171875
1 0.24296875 0.50859375 0.046875 0.0625
1 0.35234375 0.4734375 0.05078125 0.065625
1 0.29453125 0.3859375 0.053125 0.0546875
1 0.353125 0.32265625 0.04609375 0.059375
1 0.47890625 0.27265625 0.0453125 0.0453125
1 0.6765625 0.3890625 0.04453125 0.0453125
1 0.7375 0.446875 0.03828125 0.05234375
1 0.8203125 0.46015625 0.0453125 0.0453125
8 0.17421875 0.17890625 0.06484375 0.01015625
8 0.24140625 0.17890625 0.0640625 0.01015625
6 0.43515625 0.6046875 0.07578125 0.33046875