0 0.60234375 0.11953125 0.025 0.0125
0 0.828125 0.76015625 0.028125 0.0125
0 0.19296875 0.76015625 0.025 0.0125
0 0.14140625 0.11953125 0.0203125 0.0125
8 0.1359375 0.15390625 0.009375 0.0484375
8 0.2109375 0.41796875 0.08125 0.0125
8 0.25625 0.4765625 0.009375 0.10625
8 0.22421875 0.53671875 0.0546875 0.0171875
8 0.83671875 0.62421875 0.009375 0.1890625
8 0.61015625 0.2296875 0.009375 0.115625
2 0.71953125 0.42890625 0.025 0.0625
6 0.50078125 0.6890625 0.209375 0.13125
6 0.7078125 0.14296875 0.128125 0.0359375
1 0.44375 0.14375 0.028125 0.0375
1 0.3015625 0.14296875 0.025 0.034375
1 0.4171875 0.2984375 0.0421875 0.04375
1 0.28359375 0.39921875 0.0453125 0.05
1 0.346875 0.32265625 0.040625 0.0453125