0 0.078125 0.253125 0.0421875 0.0171875
0 0.07578125 0.7859375 0.0359375 0.0203125
0 0.925 0.790625 0.0296875 0.0125
0 0.9125 0.253125 0.0546875 0.0171875
1 0.08125 0.5546875 0.0484375 0.06875
1 0.24921875 0.5546875 0.046875 0.06875
1 0.2765625 0.47265625 0.04375 0.0609375
1 0.3171875 0.42109375 0.0390625 0.04375
1 0.47265625 0.4015625 0.0390625 0.05625
1 0.5765625 0.42578125 0.03125 0.0359375
1 0.621875 0.425 0.0328125 0.0359375
1 0.6203125 0.5203125 0.0328125 0.0359375
1 0.728125 0.52109375 0.0328125 0.0375
1 0.76484375 0.47265625 0.0421875 0.0609375
1 0.246875 0.69140625 0.03125 0.034375
1 0.8546875 0.5953125 0.0359375 0.0390625
1 0.88828125 0.578125 0.034375 0.046875
8 0.8046875 0.609375 0.065625 0.0125
8 0.75 0.68203125 0.0140625 0.1359375
8 0.5984375 0.34609375 0.0140625 0.109375