0 0.89375 0.91953125 0.034375 0.009375
0 0.23828125 0.88984375 0.03125 0.00625
0 0.0890625 0.21875 0.009375 0.034375
0 0.8953125 0.0875 0.03125 0.0375
8 0.90625 0.57734375 0.009375 0.0671875
8 0.90625 0.44140625 0.009375 0.065625
8 0.90625 0.30546875 0.009375 0.0671875
8 0.82734375 0.07109375 0.053125 0.00625
8 0.45859375 0.140625 0.00625 0.09375
5 0.2078125 0.20546875 0.14375 0.00625
8 0.3546875 0.88984375 0.14375 0.0078125
5 0.465625 0.5390625 0.09375 0.00625
5 0.659375 0.60234375 0.00625 0.059375
5 0.659375 0.41640625 0.00625 0.059375
5 0.659375 0.28203125 0.00625 0.059375
1 0.66171875 0.534375 0.04375 0.0375
1 0.66171875 0.484375 0.04375 0.0375
1 0.66171875 0.35 0.0421875 0.0375
1 0.7859375 0.21484375 0.0375 0.034375
1 0.80625 0.13984375 0.046875 0.034375
1 0.565625 0.265625 0.059375 0.040625
1 0.5078125 0.259375 0.034375 0.03125
1 0.48671875 0.41015625 0.05 0.0359375
1 0.5078125 0.4875 0.034375 0.03125
1 0.4453125 0.61015625 0.05 0.0375
1 0.5671875 0.628125 0.059375 0.040625
1 0.18203125 0.74609375 0.0625 0.03125
1 0.15234375 0.72890625 0.0390625 0.0328125