0 0.39453125 0.91171875 0.0296875 0.0234375
0 0.39453125 0.0921875 0.0296875 0.02265625
8 0.69140625 0.09296875 0.06875 0.025
0 0.8578125 0.0921875 0.03125 0.0265625
1 0.58359375 0.24296875 0.05703125 0.0640625
1 0.671875 0.29921875 0.034375 0.05
1 0.53828125 0.29921875 0.0359375 0.05
1 0.67265625 0.390625 0.03671875 0.053125
1 0.6265625 0.496875 0.05859375 0.06328125
1 0.68046875 0.496875 0.0390625 0.0515625
8 0.809375 0.4984375 0.028125 0.04375
8 0.809375 0.55546875 0.02734375 0.05546875
1 0.66484375 0.7140625 0.0375 0.0515625
8 0.859375 0.6765625 0.02734375 0.040625
8 0.7296875 0.91171875 0.06796875 0.0234375
8 0.85859375 0.38671875 0.02734375 0.040625
0 0.8578125 0.91171875 0.0296875 0.02421875
1 0.76796875 0.6375 0.0578125 0.06484375
6 0.15625 0.6015625 0.0859375 0.28515625
6 0.3578125 0.27109375 0.08359375 0.3421875
2 0.21875 0.5609375 0.03203125 0.08359375
2 0.21953125 0.64375 0.03203125 0.0828125
2 0.41875 0.18671875 0.0328125 0.0859375
2 0.41875 0.35703125 0.0328125 0.08671875
2 0.396875 0.809375 0.03671875 0.0890625