0 0.1265625 0.90703125 0.0328125 0.0484375
0 0.12734375 0.6171875 0.0375 0.053125
0 0.28671875 0.1328125 0.0375 0.05625
0 0.8453125 0.12734375 0.0234375 0.046875
0 0.8453125 0.90859375 0.025 0.05
8 0.71484375 0.91796875 0.059375 0.03125
8 0.44921875 0.90703125 0.109375 0.05625
8 0.23984375 0.9203125 0.059375 0.0265625
1 0.30546875 0.66484375 0.1 0.078125
1 0.6265625 0.6078125 0.09375 0.065625
1 0.6296875 0.51953125 0.0890625 0.075
1 0.72109375 0.65546875 0.0828125 0.08125
1 0.6421875 0.27734375 0.06875 0.05625
1 0.6546875 0.22421875 0.065625 0.04375
1 0.73671875 0.24609375 0.084375 0.06875
1 0.56796875 0.1640625 0.1015625 0.08125