1 0.9046875 0.64375 0.046875 0.0578125
1 0.86953125 0.59453125 0.034375 0.04375
1 0.86953125 0.4515625 0.034375 0.04375
1 0.78125 0.496875 0.040625 0.053125
1 0.7421875 0.56015625 0.0484375 0.05
1 0.63515625 0.49609375 0.0421875 0.053125
1 0.634375 0.6265625 0.0421875 0.05625
1 0.58515625 0.6265625 0.040625 0.05625
1 0.52890625 0.56875 0.0375 0.0359375
1 0.48359375 0.56796875 0.046875 0.04375
1 0.27265625 0.4234375 0.059375 0.059375
5 0.6140625 0.34375 0.009375 0.103125
8 0.83984375 0.9 0.0796875 0.009375
8 0.68046875 0.9 0.075 0.009375
8 0.53671875 0.9 0.0671875 0.009375
8 0.6796875 0.40625 0.0328125 0.0125
8 0.6140625 0.20078125 0.009375 0.1046875
8 0.3828125 0.103125 0.075 0.009375
8 0.134375 0.23046875 0.009375 0.0859375
8 0.92578125 0.43515625 0.00625 0.04375
0 0.140625 0.103125 0.021875 0.009375