0 0.9359375 0.78046875 0.03125 0.0109375
0 0.08984375 0.77578125 0.05625 0.01875
0 0.0828125 0.21015625 0.040625 0.01875
0 0.92890625 0.4140625 0.0453125 0.01875
8 0.79296875 0.78046875 0.040625 0.009375
8 0.80234375 0.41484375 0.075 0.01875
8 0.60703125 0.41484375 0.0765625 0.01875
8 0.3703125 0.21015625 0.0734375 0.0171875
8 0.184375 0.21015625 0.071875 0.0171875
8 0.07265625 0.678125 0.021875 0.065625
8 0.07265625 0.515625 0.021875 0.065625
1 0.79765625 0.56875 0.0484375 0.053125
1 0.75 0.46171875 0.03125 0.04375
1 0.39296875 0.69921875 0.05 0.05625
1 0.31953125 0.65546875 0.0484375 0.053125
1 0.31875 0.5625 0.05 0.0546875
2 0.5546875 0.76015625 0.075 0.05
2 0.45859375 0.30546875 0.0375 0.103125
2 0.390625 0.49296875 0.084375 0.0484375
8 0.290625 0.7765625 0.0375 0.01875
1 0.41328125 0.65625 0.025 0.04375