0 0.63203125 0.31171875 0.1984375 0.06015625
0 0.253125 0.37109375 0.028125 0.08203125
0 0.253125 0.52421875 0.02421875 0.109375
0 0.59296875 0.51484375 0.0265625 0.1265625
8 0.409375 0.28984375 0.04296875 0.0125
8 0.4921875 0.290625 0.04375 0.0109375
8 0.35234375 0.571875 0.13125 0.01171875
8 0.525 0.61015625 0.08125 0.0125
8 0.696875 0.57265625 0.1328125 0.01328125
1 0.4875 0.43125 0.01484375 0.04921875
1 0.51640625 0.40546875 0.05 0.0125
1 0.3921875 0.40703125 0.05234375 0.0109375
1 0.7578125 0.33359375 0.06796875 0.0171875
4 0.5546875 0.45625 0.06171875 0.00859375