0 0.70390625 0.81328125 0.040625 0.015625
0 0.70390625 0.58359375 0.040625 0.015625
0 0.80390625 0.4015625 0.05625 0.021875
0 0.48359375 0.8328125 0.015625 0.040625
0 0.37578125 0.8328125 0.015625 0.040625
0 0.3765625 0.596875 0.015625 0.040625
0 0.14296875 0.8328125 0.015625 0.040625
0 0.14296875 0.596875 0.015625 0.040625
0 0.41875 0.3890625 0.040625 0.015625
0 0.14296875 0.25234375 0.015625 0.0421875
0 0.41875 0.23984375 0.0421875 0.015625
8 0.6 0.81484375 0.11875 0.0109375
8 0.4296875 0.84765625 0.046875 0.0109375
8 0.4296875 0.77578125 0.046875 0.0109375
8 0.778125 0.58203125 0.10625 0.0109375
8 0.82578125 0.51875 0.0109375 0.115625
8 0.49921875 0.390625 0.046875 0.0109375
5 0.259375 0.71953125 0.1703125 0.0109375
1 0.1828125 0.27265625 0.0640625 0.0796875
1 0.3078125 0.36171875 0.059375 0.06875
1 0.47265625 0.5 0.0515625 0.059375
1 0.584375 0.553125 0.05 0.05
1 0.4125 0.66328125 0.05 0.059375
1 0.41875 0.61171875 0.059375 0.0703125