0 0.13671875 0.19375 0.03984375 0.05859375
0 0.3 0.2015625 0.01484375 0.1046875
0 0.46015625 0.2015625 0.0171875 0.10078125
0 0.58046875 0.365625 0.01640625 0.20390625
0 0.459375 0.41875 0.01328125 0.1046875
0 0.3 0.4 0.0140625 0.13828125
0 0.74296875 0.2890625 0.05703125 0.04921875
0 0.93828125 0.2875 0.0390625 0.05078125
0 0.84609375 0.6078125 0.08046875 0.01953125
0 0.7375 0.60859375 0.0171875 0.1625
0 0.5109375 0.5828125 0.01484375 0.11796875
0 0.496875 0.83125 0.0421875 0.04765625
0 0.3765625 0.80859375 0.06953125 0.01875
0 0.34921875 0.60859375 0.0140625 0.0984375
0 0.18671875 0.65078125 0.08046875 0.015625
0 0.1375 0.475 0.040625 0.04765625
1 0.4296875 0.46328125 0.04375 0.0125
1 0.4921875 0.4640625 0.04453125 0.01015625
1 0.48359375 0.53203125 0.0421875 0.0109375
1 0.5390625 0.53203125 0.0328125 0.0109375
1 0.5296875 0.6828125 0.03359375 0.009375
1 0.690625 0.6828125 0.0421875 0.01015625
1 0.38671875 0.4953125 0.0078125 0.05625
1 0.278125 0.4609375 0.0328125 0.01015625
1 0.1765625 0.4296875 0.01015625 0.04140625
1 0.2984375 0.28984375 0.0109375 0.0453125
1 0.9203125 0.61015625 0.04765625 0.015625
8 0.859375 0.30546875 0.1328125 0.0125
5 0.6515625 0.30390625 0.1078125 0.0140625
8 0.52421875 0.278125 0.0828125 0.01015625
5 0.37265625 0.1984375 0.09140625 0.0140625
8 0.22421875 0.3421875 0.0109375 0.0453125
8 0.12109375 0.33359375 0.01484375 0.0859375
8 0.35078125 0.746875 0.01015625 0.11640625
8 0.45078125 0.80625 0.04609375 0.01171875
8 0.63515625 0.684375 0.05703125 0.01328125
1 0.6921875 0.5328125 0.0484375 0.01328125
8 0.28984375 0.64765625 0.04453125 0.0109375