0 0.1375 0.26875 0.028125 0.05625
0 0.37265625 0.1984375 0.021875 0.05625
0 0.6390625 0.1984375 0.021875 0.05625
0 0.8765625 0.26640625 0.028125 0.05625
0 0.8765625 0.72890625 0.028125 0.05625
0 0.6390625 0.72890625 0.021875 0.05625
0 0.3734375 0.72890625 0.021875 0.0578125
0 0.1375 0.72890625 0.028125 0.0578125
1 0.2640625 0.4765625 0.05625 0.053125
1 0.3359375 0.5671875 0.053125 0.0625
1 0.45 0.5671875 0.053125 0.0625
1 0.3359375 0.37265625 0.0515625 0.0625
1 0.44921875 0.30625 0.053125 0.0625
1 0.6765625 0.5671875 0.053125 0.0625
1 0.74921875 0.4375 0.059375 0.0546875
1 0.67578125 0.37265625 0.053125 0.0640625
1 0.50625 0.21328125 0.10625 0.084375
8 0.8765625 0.47109375 0.028125 0.05625
8 0.76796875 0.253125 0.11875 0.028125
8 0.75625 0.74296875 0.11875 0.028125
8 0.50625 0.74296875 0.11875 0.028125
8 0.1375 0.6359375 0.0265625 0.125
8 0.1375 0.47109375 0.028125 0.05625
8 0.2453125 0.25546875 0.11875 0.028125