0 0.11640625 0.15703125 0.05546875 0.028125
0 0.1140625 0.4875 0.06015625 0.0265625
8 0.1171875 0.409375 0.05859375 0.08359375
8 0.11484375 0.234375 0.05625 0.07578125
8 0.7078125 0.234375 0.05859375 0.0796875
8 0.7203125 0.42578125 0.0390625 0.04296875
8 0.85078125 0.59921875 0.0671875 0.0796875
8 0.68515625 0.83984375 0.1 0.0671875
1 0.39375 0.31640625 0.065625 0.0765625
1 0.52890625 0.321875 0.05546875 0.0578125
1 0.58984375 0.37734375 0.05703125 0.05390625
1 0.33359375 0.37734375 0.0578125 0.05546875
1 0.40234375 0.42890625 0.053125 0.0609375
1 0.3828125 0.546875 0.08828125 0.07578125
1 0.38984375 0.7390625 0.10234375 0.09140625
0 0.8546875 0.4953125 0.059375 0.0296875
0 0.70859375 0.15625 0.053125 0.02578125
0 0.8546875 0.85390625 0.0578125 0.02734375
0 0.36171875 0.85546875 0.05625 0.0265625