0 0.8828125 0.80390625 0.015625 0.040625
0 0.88515625 0.4828125 0.009375 0.0515625
0 0.8828125 0.19453125 0.015625 0.0390625
0 0.63515625 0.19375 0.015625 0.040625
0 0.41953125 0.19375 0.015625 0.040625
0 0.18046875 0.19140625 0.009375 0.0359375
0 0.18046875 0.4828125 0.009375 0.034375
0 0.7546875 0.4859375 0.021875 0.0265625
0 0.640625 0.80390625 0.015625 0.040625
0 0.55703125 0.80390625 0.015625 0.040625
0 0.41171875 0.80390625 0.015625 0.040625
0 0.42265625 0.48984375 0.021875 0.0265625
0 0.184375 0.803125 0.015625 0.0390625
8 0.78046875 0.64921875 0.00625 0.19375
8 0.76171875 0.33671875 0.00625 0.165625
8 0.415625 0.64453125 0.00625 0.19375
8 0.415625 0.37109375 0.00625 0.2125
8 0.34375 0.4921875 0.034375 0.0125
8 0.27890625 0.4921875 0.05625 0.0125
8 0.22109375 0.4921875 0.01875 0.0125
1 0.65703125 0.534375 0.04375 0.0734375
1 0.65703125 0.44296875 0.04375 0.0703125
1 0.60703125 0.3765625 0.028125 0.0625
1 0.540625 0.4421875 0.04375 0.071875
1 0.540625 0.534375 0.04375 0.075
1 0.3046875 0.27890625 0.0453125 0.06875
1 0.2171875 0.33671875 0.028125 0.0625
6 0.59921875 0.68359375 0.06875 0.23125