0 0.815625 0.23671875 0.02109375 0.04296875
0 0.815625 0.525 0.0203125 0.04140625
0 0.60625 0.69453125 0.01953125 0.04140625
0 0.4625 0.8125 0.0390625 0.01484375
0 0.19296875 0.7984375 0.0171875 0.04140625
0 0.18984375 0.54765625 0.0109375 0.04140625
0 0.18984375 0.3328125 0.0109375 0.0421875
0 0.4578125 0.23671875 0.01953125 0.04296875
8 0.26796875 0.3171875 0.11796875 0.01171875
8 0.36015625 0.3171875 0.02578125 0.01171875
8 0.4578125 0.27890625 0.01875 0.02734375
8 0.5953125 0.22265625 0.0375 0.01484375
8 0.815625 0.3046875 0.0203125 0.0421875
8 0.815625 0.428125 0.0203125 0.04140625
8 0.60625 0.6296875 0.01875 0.04453125
8 0.3296875 0.8125 0.1390625 0.0140625
8 0.1921875 0.69453125 0.0171875 0.04140625
8 0.18984375 0.428125 0.01015625 0.02734375
1 0.36953125 0.38203125 0.03203125 0.02265625
1 0.365625 0.42421875 0.04140625 0.03515625
1 0.41875 0.37734375 0.0375 0.05390625
1 0.48828125 0.34375 0.03828125 0.04296875
1 0.603125 0.34375 0.03671875 0.04375
1 0.646875 0.34453125 0.03984375 0.04453125
1 0.67890625 0.38046875 0.02578125 0.025
1 0.646875 0.41796875 0.03828125 0.0453125
1 0.64375 0.5171875 0.0375 0.05546875
1 0.48046875 0.6375 0.0359375 0.03515625
2 0.425 0.55703125 0.06328125 0.04453125
2 0.54453125 0.68984375 0.06328125 0.05
2 0.4640625 0.7640625 0.03671875 0.03828125