0 0.17578125 0.08203125 0.025 0.0125
0 0.50625 0.08125 0.025 0.0125
0 0.51328125 0.30703125 0.025 0.0125
0 0.6046875 0.30703125 0.025 0.0125
0 0.61640625 0.72109375 0.025 0.015625
0 0.95234375 0.72109375 0.025 0.015625
0 0.95234375 0.9375 0.0265625 0.0109375
0 0.70234375 0.9375 0.025 0.0125
0 0.2421875 0.809375 0.025 0.0125
0 0.1765625 0.21171875 0.025 0.0125
8 0.23671875 0.11875 0.0140625 0.0296875
8 0.23671875 0.178125 0.0140625 0.03125
8 0.28515625 0.809375 0.028125 0.0125
8 0.39453125 0.80859375 0.028125 0.0125
8 0.4890625 0.79453125 0.0296875 0.0125
8 0.65078125 0.79453125 0.028125 0.0125
8 0.69453125 0.89140625 0.0125 0.0296875
1 0.4109375 0.1890625 0.0375 0.05
1 0.4578125 0.23125 0.0390625 0.0375
1 0.36484375 0.259375 0.0375 0.0359375
1 0.36484375 0.440625 0.040625 0.0453125
1 0.45859375 0.44140625 0.0421875 0.0421875
1 0.36796875 0.50390625 0.034375 0.0328125
1 0.30234375 0.6 0.03125 0.028125
1 0.390625 0.5984375 0.03125 0.025
1 0.6796875 0.75859375 0.0421875 0.034375
2 0.54296875 0.49609375 0.0265625 0.0453125
2 0.56796875 0.57578125 0.034375 0.0640625
2 0.3390625 0.79296875 0.059375 0.0453125
2 0.56875 0.775 0.0703125 0.0515625
1 0.56484375 0.6734375 0.028125 0.028125
6 0.46328125 0.66015625 0.05 0.25625
5 0.309375 0.20859375 0.0703125 0.009375