0 0.83359375 0.88125 0.0375 0.021875
0 0.83359375 0.56875 0.0375 0.021875
0 0.83359375 0.1640625 0.0375 0.021875
0 0.60859375 0.86953125 0.01875 0.04375
0 0.6046875 0.5875 0.0125 0.059375
0 0.38828125 0.86953125 0.01875 0.04375
0 0.39140625 0.5875 0.0125 0.059375
0 0.38828125 0.17578125 0.01875 0.04375
0 0.1359375 0.88125 0.0359375 0.021875
0 0.1359375 0.56640625 0.0375 0.021875
0 0.1359375 0.1640625 0.0375 0.021875
8 0.878125 0.31640625 0.009375 0.153125
8 0.85859375 0.51640625 0.009375 0.0890625
0 0.60859375 0.17578125 0.01875 0.04375
6 0.553125 0.33203125 0.09375 0.315625