0 0.12890625 0.8734375 0.034375 0.015625
0 0.44296875 0.87265625 0.0359375 0.015625
0 0.6421875 0.8734375 0.0359375 0.015625
0 0.6421875 0.496875 0.0359375 0.015625
0 0.91015625 0.496875 0.0359375 0.015625
0 0.91015625 0.13828125 0.034375 0.015625
0 0.603125 0.13828125 0.034375 0.015625
0 0.440625 0.13828125 0.0359375 0.015625
0 0.12890625 0.13828125 0.0359375 0.015625
0 0.12890625 0.51875 0.0359375 0.015625
0 0.44296875 0.3828125 0.0359375 0.015625
0 0.45703125 0.49609375 0.0125 0.04375
8 0.115625 0.68828125 0.009375 0.18125
8 0.6546875 0.696875 0.009375 0.090625
8 0.92421875 0.3203125 0.00625 0.15625
1 0.28515625 0.475 0.065625 0.06875
1 0.36484375 0.346875 0.0578125 0.078125
1 0.421875 0.434375 0.078125 0.08125
1 0.5765625 0.34765625 0.0578125 0.078125
1 0.65546875 0.43984375 0.078125 0.08125
5 0.66875 0.259375 0.00625 0.1640625
6 0.53828125 0.6921875 0.15625 0.35625