0 0.8140625 0.31875 0.01953125 0.02421875
0 0.62265625 0.31875 0.0203125 0.02421875
0 0.73671875 0.5421875 0.021875 0.0546875
0 0.559375 0.54296875 0.02421875 0.0546875
0 0.2625 0.446875 0.0171875 0.25078125
7 0.3390625 0.3453125 0.01015625 0.0265625
7 0.6203125 0.34453125 0.01484375 0.028125
7 0.5859375 0.51484375 0.03359375 0.009375
1 0.33828125 0.4078125 0.009375 0.03515625
1 0.4984375 0.40546875 0.00546875 0.0390625
1 0.6421875 0.38671875 0.04296875 0.0078125
1 0.853125 0.3265625 0.05078125 0.009375
1 0.5296875 0.42578125 0.04296875 0.00625
1 0.55390625 0.46328125 0.009375 0.03515625
4 0.3828125 0.4265625 0.05078125 0.00625
4 0.67578125 0.42578125 0.040625 0.0078125
4 0.675 0.5421875 0.03984375 0.00859375