0 0.30390625 0.4453125 0.18828125 0.05234375
0 0.51640625 0.44375 0.01640625 0.04765625
0 0.44375 0.66796875 0.0171875 0.1453125
0 0.28203125 0.775 0.0828125 0.02578125
0 0.7078125 0.68125 0.01484375 0.13046875
0 0.70625 0.4375 0.0171875 0.06640625
0 0.871875 0.403125 0.12421875 0.01640625
0 0.86328125 0.2640625 0.12421875 0.08046875
0 0.871875 0.5125 0.1234375 0.01796875
0 0.81640625 0.5640625 0.015625 0.11953125
0 0.87265625 0.6125 0.125 0.01875
1 0.815625 0.33125 0.0109375 0.06328125
1 0.709375 0.490625 0.0078125 0.05390625
1 0.546875 0.6 0.04140625 0.01171875
1 0.4203125 0.59609375 0.0390625 0.009375
1 0.39921875 0.56875 0.00703125 0.05078125
1 0.38046875 0.54375 0.0296875 0.0125
1 0.5015625 0.54375 0.0328125 0.0109375
4 0.709375 0.54765625 0.0109375 0.0515625
7 0.7609375 0.72421875 0.0421875 0.0109375
7 0.40859375 0.778125 0.02890625 0.01171875
7 0.415625 0.46171875 0.0265625 0.0125
7 0.49375 0.42578125 0.03046875 0.0140625
1 0.42421875 0.65078125 0.034375 0.0109375
8 0.3375 0.7796875 0.021875 0.01328125
8 0.50546875 0.7796875 0.1265625 0.01328125
8 0.6375 0.73515625 0.134375 0.0109375