0 0.77265625 0.92265625 0.05 0.0109375
0 0.79140625 0.053125 0.0125 0.03125
0 0.428125 0.0421875 0.034375 0.0109375
0 0.20859375 0.153125 0.0359375 0.0109375
0 0.22265625 0.76796875 0.0625 0.0109375
0 0.45078125 0.921875 0.059375 0.0109375
8 0.6046875 0.921875 0.171875 0.0109375
8 0.42578125 0.8640625 0.0140625 0.05625
8 0.3015625 0.15390625 0.0921875 0.0109375
8 0.6046875 0.04296875 0.171875 0.009375
1 0.63203125 0.6203125 0.0625 0.05625
1 0.403125 0.7296875 0.059375 0.05625
1 0.5234375 0.6875 0.1 0.0703125
1 0.63203125 0.390625 0.059375 0.05625
1 0.546875 0.41015625 0.096875 0.06875
1 0.3921875 0.31328125 0.059375 0.05625
6 0.33984375 0.46875 0.275 0.221875