0 0.12890625 0.1359375 0.0421875 0.01640625
0 0.128125 0.734375 0.03984375 0.01640625
0 0.584375 0.92265625 0.034375 0.0171875
0 0.8671875 0.6875 0.02890625 0.01171875
1 0.3515625 0.4203125 0.05390625 0.05859375
1 0.2953125 0.4921875 0.0609375 0.08828125
1 0.20078125 0.5609375 0.04609375 0.05
1 0.29296875 0.65 0.04609375 0.05078125
1 0.396875 0.73203125 0.0515625 0.07421875
1 0.6421875 0.6578125 0.065625 0.071875
1 0.725 0.5875 0.06171875 0.08828125
8 0.20078125 0.734375 0.04609375 0.01640625
8 0.228125 0.77109375 0.01015625 0.05234375
8 0.34765625 0.68984375 0.0453125 0.0125
8 0.415625 0.8421875 0.01328125 0.1453125
8 0.3768125 0.09140625 0.37680555625 0.0756944453125 0.31555555625 0.07586805468749999 0.315625 0.1288194453125 0.3255861484375 0.12894613593749998 0.32555555625 0.09140625 0.3768125 0.09140625
8 0.491375 0.129765625 0.5011875 0.129765625 0.50125 0.07586805468749999 0.43993055625000005 0.0756944453125 0.43993055625000005 0.09140625 0.4911875 0.09132812500000001 0.491375 0.129765625