8 0.09140625 0.271875 0.015625 0.09375
8 0.19765625 0.1546875 0.1078125 0.015625
0 0.10234375 0.1546875 0.0359375 0.015625
0 0.3046875 0.16796875 0.015625 0.0421875
0 0.5609375 0.1546875 0.0375 0.015625
0 0.58515625 0.2703125 0.015625 0.04375
0 0.71875 0.1546875 0.015625 0.04375
0 0.85 0.28359375 0.0375 0.015625
0 0.85 0.49921875 0.0375 0.015625
0 0.59609375 0.4984375 0.0375 0.0171875
0 0.3046875 0.50546875 0.015625 0.04375
0 0.10234375 0.725 0.0375 0.015625
0 0.30546875 0.725 0.0375 0.015625
0 0.575 0.725 0.0375 0.015625
0 0.596875 0.890625 0.0375 0.015625
0 0.84921875 0.890625 0.0359375 0.015625
8 0.42109375 0.1546875 0.10625 0.015625
8 0.09140625 0.60859375 0.015625 0.0921875
8 0.19765625 0.725 0.1078125 0.015625
1 0.62109375 0.253125 0.053125 0.075
1 0.278125 0.35 0.0671875 0.0609375
1 0.2640625 0.52890625 0.0640625 0.0875
1 0.509375 0.68828125 0.065625 0.0875
1 0.62578125 0.67734375 0.065625 0.0890625
1 0.6984375 0.61171875 0.0546875 0.071875
8 0.72265625 0.89140625 0.1078125 0.015625
8 0.71875 0.20078125 0.015625 0.040625
8 0.390625 0.725 0.1078125 0.015625
8 0.8609375 0.765625 0.015625 0.103125
8 0.8609375 0.5734375 0.015625 0.040625
8 0.8609375 0.39140625 0.015625 0.09375
1 0.6125 0.459375 0.06875 0.059375