0 0.178125 0.7484375 0.0296875 0.0125
0 0.22578125 0.2671875 0.0296875 0.0125
0 0.45078125 0.2671875 0.03125 0.0125
0 0.6265625 0.2671875 0.0296875 0.0125
0 0.9296875 0.2671875 0.0296875 0.0125
0 0.9296875 0.7484375 0.0296875 0.0125
0 0.6265625 0.74765625 0.0296875 0.0125
0 0.45078125 0.74765625 0.03125 0.0125
1 0.72265625 0.709375 0.0484375 0.06875
1 0.6515625 0.3171875 0.0625 0.084375
1 0.46015625 0.3171875 0.0625 0.0828125
1 0.31953125 0.55 0.04375 0.046875
6 0.8421875 0.60546875 0.184375 0.2828125
6 0.62265625 0.48828125 0.1125 0.25