0 0.62265625 0.28984375 0.0203125 0.0265625
0 0.7203125 0.13359375 0.0203125 0.00625
0 0.4484375 0.13359375 0.021875 0.00625
0 0.71953125 0.5875 0.0203125 0.0109375
0 0.625 0.60234375 0.01875 0.0390625
0 0.271875 0.79921875 0.021875 0.0328125
0 0.6234375 0.79921875 0.0203125 0.0328125
0 0.271875 0.2890625 0.021875 0.028125
8 0.55859375 0.2890625 0.065625 0.03125
8 0.625 0.396875 0.0203125 0.1390625
8 0.625 0.69453125 0.021875 0.140625
8 0.21484375 0.76015625 0.015625 0.0515625
8 0.1921875 0.64609375 0.0375 0.021875
8 0.24140625 0.64609375 0.025 0.021875
8 0.38515625 0.690625 0.009375 0.0515625
8 0.41953125 0.2890625 0.0296875 0.0328125
8 0.29921875 0.28828125 0.0359375 0.03125
8 0.4640625 0.39453125 0.015625 0.071875
8 0.2703125 0.33125 0.0203125 0.0515625
8 0.2703125 0.39921875 0.021875 0.053125
8 0.2703125 0.5484375 0.0203125 0.0453125
1 0.36015625 0.44140625 0.0359375 0.071875
1 0.41953125 0.54296875 0.0328125 0.065625
1 0.3578125 0.54296875 0.03125 0.065625
1 0.3453125 0.6125 0.0203125 0.0390625
1 0.24921875 0.68984375 0.0296875 0.053125
1 0.19609375 0.690625 0.028125 0.0546875
1 0.32734375 0.4921875 0.0234375 0.046875
6 0.13515625 0.67578125 0.06875 0.08125
6 0.4234375 0.71171875 0.0671875 0.140625
6 0.7453125 0.39453125 0.0390625 0.0703125