0 0.9359375 0.23046875 0.01875 0.009375
0 0.9421875 0.50234375 0.00625 0.0234375
0 0.9359375 0.79140625 0.01875 0.0078125
0 0.709375 0.79140625 0.01875 0.0078125
0 0.58515625 0.79140625 0.01875 0.0078125
0 0.58515625 0.628125 0.01875 0.009375
0 0.709375 0.628125 0.01875 0.009375
0 0.32890625 0.628125 0.01875 0.009375
0 0.0625 0.628125 0.01875 0.009375
0 0.0625 0.2296875 0.01875 0.009375
0 0.32890625 0.23046875 0.01875 0.009375
0 0.58515625 0.23046875 0.01875 0.009375
0 0.709375 0.23046875 0.01875 0.009375
8 0.1578125 0.23203125 0.046875 0.015625
8 0.646875 0.23046875 0.090625 0.0125
8 0.85 0.23046875 0.090625 0.0109375
8 0.85 0.7921875 0.090625 0.0125
8 0.646875 0.79140625 0.0453125 0.009375
8 0.44765625 0.628125 0.090625 0.0125
8 0.2359375 0.628125 0.0734375 0.0125
8 0.05546875 0.42890625 0.00625 0.075
1 0.17109375 0.328125 0.046875 0.06875
1 0.17109375 0.41875 0.0484375 0.06875
1 0.3171875 0.3546875 0.046875 0.06875
1 0.31328125 0.5375 0.0453125 0.05
1 0.5546875 0.5765625 0.059375 0.084375
1 0.64453125 0.64375 0.040625 0.046875
1 0.596875 0.74609375 0.0453125 0.06875
1 0.77578125 0.47421875 0.046875 0.06875
1 0.7796875 0.5578125 0.053125 0.078125
6 0.646875 0.3875 0.153125 0.2578125