1 0.50390625 0.415625 0.06953125 0.06875
1 0.43671875 0.478125 0.0671875 0.0484375
1 0.79609375 0.54296875 0.0890625 0.0484375
8 0.3359375 0.8390625 0.11640625 0.05390625
8 0.81015625 0.72578125 0.05859375 0.06953125
8 0.19765625 0.590625 0.05703125 0.0671875
8 0.184375 0.4578125 0.0296875 0.034375
8 0.35078125 0.14453125 0.0578125 0.015625
8 0.828125 0.36171875 0.0234375 0.05
0 0.80546875 0.1484375 0.059375 0.021875
0 0.80703125 0.85703125 0.06484375 0.02421875
0 0.2015625 0.85703125 0.06640625 0.02578125
0 0.20078125 0.1484375 0.0609375 0.02109375