0 0.6390625 0.075 0.028125 0.01875
0 0.6515625 0.28359375 0.028125 0.01875
0 0.74921875 0.2875 0.028125 0.01875
0 0.74921875 0.4890625 0.028125 0.01875
0 0.75390625 0.57421875 0.01875 0.0265625
0 0.75390625 0.8296875 0.01875 0.0265625
0 0.28203125 0.8296875 0.01875 0.0265625
0 0.28203125 0.56640625 0.01875 0.0265625
0 0.15625 0.559375 0.028125 0.01875
0 0.28359375 0.075 0.028125 0.01875
0 0.15625 0.2875 0.028125 0.01875
2 0.2359375 0.54453125 0.071875 0.0484375
2 0.1640625 0.503125 0.04375 0.046875
2 0.1640625 0.321875 0.04375 0.0484375
8 0.46171875 0.0703125 0.0375 0.009375
8 0.27734375 0.1828125 0.015625 0.0234375
8 0.278125 0.2265625 0.015625 0.034375
8 0.1515625 0.35859375 0.01875 0.0234375
8 0.1515625 0.53828125 0.01875 0.0234375
2 0.29453125 0.6109375 0.04375 0.0484375
8 0.2828125 0.70859375 0.01875 0.0234375
8 0.42109375 0.83515625 0.0703125 0.015625
8 0.75390625 0.73984375 0.01875 0.04375
8 0.75390625 0.6203125 0.01875 0.034375
8 0.70390625 0.55234375 0.00625 0.0234375
8 0.75390625 0.41796875 0.01875 0.053125
8 0.75390625 0.3328125 0.01875 0.0234375
8 0.6453125 0.128125 0.0140625 0.0875
8 0.6453125 0.225 0.0140625 0.090625
1 0.6140625 0.30625 0.046875 0.05625
1 0.615625 0.3296875 0.0453125 0.046875
1 0.67265625 0.5234375 0.0359375 0.0296875
1 0.60078125 0.55546875 0.034375 0.028125
1 0.5609375 0.5609375 0.0453125 0.04375
1 0.603125 0.6171875 0.0375 0.034375
1 0.603125 0.7046875 0.0390625 0.034375
1 0.603125 0.784375 0.0375 0.034375
1 0.51015625 0.7859375 0.0390625 0.034375
1 0.475 0.74375 0.04375 0.0453125
1 0.4359375 0.70625 0.0328125 0.03125
1 0.4734375 0.66796875 0.0453125 0.0453125