0 0.81015625 0.1546875 0.0171875 0.0375
0 0.80703125 0.53671875 0.02265625 0.0375
0 0.79609375 0.8890625 0.0453125 0.01953125
0 0.4375 0.88984375 0.04609375 0.01953125
0 0.19921875 0.753125 0.04453125 0.01875
0 0.18671875 0.5375 0.0234375 0.03828125
0 0.19765625 0.35234375 0.04609375 0.01953125
0 0.34921875 0.1546875 0.01875 0.0375
1 0.70703125 0.31171875 0.071875 0.05859375
1 0.37421875 0.31796875 0.06875 0.03671875
1 0.70625 0.396875 0.06953125 0.06796875
1 0.40859375 0.5109375 0.04921875 0.0375
1 0.40859375 0.5546875 0.05 0.03671875
1 0.46328125 0.4578125 0.04609375 0.03984375
1 0.52421875 0.52265625 0.04921875 0.0375
1 0.465625 0.6390625 0.06796875 0.059375
1 0.37734375 0.73515625 0.04609375 0.0546875
1 0.4484375 0.7859375 0.06875 0.03671875
1 0.209375 0.5 0.06875 0.03671875
8 0.80703125 0.47734375 0.0234375 0.0421875
8 0.80703125 0.6 0.0234375 0.0421875
8 0.80703125 0.7265625 0.0234375 0.0421875
8 0.63515625 0.8890625 0.2015625 0.01953125
8 0.18671875 0.57734375 0.0234375 0.04375
8 0.81171875 0.228125 0.01484375 0.109375