0 0.85546875 0.0703125 0.01640625 0.028125
0 0.85546875 0.37109375 0.01640625 0.02890625
0 0.85546875 0.68046875 0.01640625 0.02890625
0 0.85546875 0.93828125 0.01640625 0.02890625
0 0.18125 0.06953125 0.01640625 0.028125
0 0.18125 0.37109375 0.01640625 0.02890625
0 0.18125 0.68046875 0.01640625 0.02890625
0 0.51875 0.384375 0.0234375 0.021875
0 0.51875 0.65625 0.0234375 0.021875
0 0.18125 0.9375 0.01640625 0.028125
0 0.609375 0.84296875 0.04453125 0.0109375
0 0.609375 0.94609375 0.04453125 0.01015625
8 0.2921875 0.7265625 0.18984375 0.01171875
6 0.7234375 0.89453125 0.24765625 0.09375