0 0.26171875 0.896875 0.065625 0.01875
0 0.2375 0.5453125 0.01875 0.046875
0 0.2375 0.36484375 0.01875 0.046875
0 0.2375 0.11953125 0.01875 0.0453125
0 0.54609375 0.10546875 0.065625 0.01875
0 0.83125 0.10546875 0.065625 0.01875
0 0.85703125 0.36484375 0.01875 0.046875
0 0.85703125 0.5453125 0.01875 0.046875
0 0.83203125 0.896875 0.0671875 0.01875
8 0.72265625 0.896875 0.0765625 0.01875
8 0.575 0.896875 0.13125 0.01875
6 0.3953125 0.81015625 0.296875 0.1546875
6 0.5734375 0.5484375 0.303125 0.109375
8 0.6953125 0.10546875 0.1984375 0.01875
1 0.78828125 0.5859375 0.1015625 0.08125
1 0.78671875 0.4296875 0.1 0.0796875
1 0.6671875 0.4421875 0.1171875 0.06875
1 0.48828125 0.34296875 0.06875 0.0625
1 0.41328125 0.3421875 0.065625 0.0640625
1 0.296875 0.31015625 0.1 0.071875
1 0.5578125 0.21015625 0.0890625 0.05625
1 0.32421875 0.57890625 0.1 0.0859375