0 0.2078125 0.15546875 0.0453125 0.015625
0 0.5203125 0.15546875 0.04375 0.015625
0 0.83828125 0.15546875 0.0453125 0.0140625
0 0.4890625 0.52109375 0.04375 0.0140625
0 0.171875 0.85703125 0.0421875 0.0125
0 0.47421875 0.85625 0.046875 0.015625
0 0.87578125 0.85546875 0.04375 0.0140625
8 0.6546875 0.7703125 0.0140625 0.1171875
8 0.89140625 0.6890625 0.0203125 0.1125
8 0.190625 0.33671875 0.0171875 0.1125
1 0.17734375 0.69296875 0.0609375 0.0984375
1 0.43125 0.55703125 0.0609375 0.084375
1 0.6 0.5875 0.0515625 0.078125
1 0.4328125 0.69140625 0.05625 0.0859375
1 0.4953125 0.68984375 0.05 0.078125