0 0.1515625 0.4515625 0.0203125 0.025
0 0.1515625 0.878125 0.0203125 0.025
0 0.88359375 0.8796875 0.0375 0.0234375
0 0.88359375 0.45078125 0.0375 0.021875
0 0.70703125 0.11640625 0.0265625 0.0328125
0 0.71640625 0.44296875 0.028125 0.034375
0 0.44453125 0.11640625 0.025 0.0328125
0 0.3640625 0.45078125 0.0390625 0.0234375
0 0.3765625 0.5140625 0.0203125 0.025
0 0.43828125 0.5140625 0.01875 0.025
8 0.64921875 0.88046875 0.075 0.0203125
8 0.89453125 0.80234375 0.0171875 0.1203125
8 0.89453125 0.56875 0.0171875 0.14375
8 0.43515625 0.4890625 0.0078125 0.021875
8 0.2203125 0.4453125 0.1125 0.0125
1 0.1703125 0.66875 0.0578125 0.040625
1 0.315625 0.55078125 0.05625 0.040625
1 0.3453125 0.55078125 0.053125 0.040625
1 0.40703125 0.53046875 0.040625 0.05625
1 0.55 0.50390625 0.0484375 0.0453125
1 0.46328125 0.38828125 0.0640625 0.040625
1 0.5109375 0.37734375 0.053125 0.040625
1 0.55546875 0.28515625 0.0375 0.034375
1 0.59921875 0.37578125 0.053125 0.040625
1 0.59921875 0.33125 0.053125 0.040625
1 0.6875 0.37890625 0.0640625 0.046875
1 0.40234375 0.665625 0.040625 0.0375
1 0.44453125 0.665625 0.040625 0.0375
2 0.35859375 0.8671875 0.0625 0.046875
2 0.490625 0.8671875 0.0625 0.046875
2 0.50546875 0.1234375 0.0640625 0.046875
2 0.6921875 0.2203125 0.0546875 0.065625
0 0.440625 0.8796875 0.040625 0.0234375