0 0.1484375 0.178125 0.0390625 0.01875
0 0.54765625 0.18125 0.0390625 0.025
0 0.91484375 0.19296875 0.0203125 0.046875
0 0.91484375 0.5671875 0.0203125 0.0484375
0 0.77265625 0.81640625 0.01875 0.046875
0 0.54765625 0.82890625 0.040625 0.025
0 0.3546875 0.8171875 0.0203125 0.0484375
0 0.14765625 0.659375 0.0390625 0.0203125
1 0.3125 0.2859375 0.0609375 0.075
1 0.31875 0.63359375 0.0375 0.071875
1 0.40078125 0.28671875 0.071875 0.071875
1 0.51953125 0.59765625 0.0390625 0.0515625
1 0.565625 0.59765625 0.0375 0.0515625
1 0.46484375 0.540625 0.040625 0.046875
1 0.53203125 0.4765625 0.0390625 0.0515625
1 0.65390625 0.5375 0.0625 0.071875
1 0.75390625 0.6296875 0.05625 0.046875
1 0.80703125 0.55546875 0.0375 0.071875
1 0.50859375 0.80546875 0.0375 0.071875
8 0.48515625 0.18125 0.04375 0.025
8 0.61328125 0.18125 0.04375 0.025
8 0.7453125 0.18125 0.04375 0.025
8 0.91484375 0.3609375 0.0203125 0.209375
8 0.5890625 0.82890625 0.0453125 0.025
8 0.225 0.17734375 0.1140625 0.015625