1 0.76875 0.22421875 0.0125 0.0484375
1 0.7015625 0.384375 0.04296875 0.00703125
1 0.81484375 0.4296875 0.009375 0.0375
1 0.7765625 0.45390625 0.04765625 0.00703125
1 0.6359375 0.53515625 0.0484375 0.0078125
1 0.59375 0.5109375 0.00859375 0.0390625
1 0.6265625 0.60859375 0.04296875 0.00625
1 0.8015625 0.61328125 0.0484375 0.009375
8 0.328125 0.30234375 0.0234375 0.0828125
8 0.2734375 0.4890625 0.02265625 0.0828125
8 0.2546875 0.6234375 0.02421875 0.0828125
8 0.36015625 0.71796875 0.103125 0.00625
8 0.5265625 0.71796875 0.10390625 0.00625
8 0.7484375 0.61328125 0.04453125 0.0109375
8 0.8484375 0.32734375 0.01484375 0.0515625
7 0.76875 0.30078125 0.01328125 0.02578125
7 0.6953125 0.64921875 0.01171875 0.025
0 0.8390625 0.26796875 0.03046875 0.0359375
0 0.85390625 0.39453125 0.0453125 0.0328125
0 0.33046875 0.38359375 0.0453125 0.0328125
0 0.28984375 0.68203125 0.046875 0.034375
0 0.8421875 0.67890625 0.0421875 0.0421875