8 0.3109375 0.2078125 0.01953125 0.1671875
8 0.2140625 0.4171875 0.01953125 0.19296875
8 0.53125 0.7875 0.01796875 0.0484375
7 0.7625 0.340625 0.0203125 0.040625
7 0.7625 0.490625 0.01796875 0.0390625
1 0.7625 0.67421875 0.0203125 0.07421875
1 0.4875 0.478125 0.01171875 0.059375
1 0.5734375 0.4859375 0.0109375 0.04921875
1 0.5734375 0.34609375 0.01171875 0.0484375
1 0.5296875 0.409375 0.07421875 0.009375
0 0.2625 0.30625 0.1171875 0.034375
0 0.66953125 0.3140625 0.2046875 0.01875
0 0.265625 0.528125 0.12421875 0.034375
0 0.66953125 0.5171875 0.2046875 0.01875
0 0.4015625 0.715625 0.278125 0.015625
0 0.6390625 0.8640625 0.23515625 0.015625
0 0.7625 0.79375 0.0203125 0.17109375
0 0.44375 0.11875 0.38046875 0.01640625