0 0.16484375 0.45390625 0.00703125 0.03359375
0 0.25 0.8390625 0.00703125 0.0265625
0 0.87890625 0.075 0.00703125 0.0265625
0 0.87890625 0.8390625 0.00703125 0.025
8 0.1640625 0.59375 0.0078125 0.11953125
8 0.87890625 0.6859375 0.00625 0.14609375
8 0.83984375 0.06640625 0.0390625 0.0078125
1 0.82734375 0.15234375 0.0390625 0.04296875
1 0.7828125 0.18359375 0.03359375 0.03671875
1 0.7765625 0.434375 0.04140625 0.06015625
1 0.69140625 0.5703125 0.0484375 0.0703125
1 0.63125 0.63359375 0.0421875 0.0453125
1 0.27421875 0.76015625 0.03671875 0.03984375
1 0.3015625 0.571875 0.04921875 0.0703125
1 0.38046875 0.63125 0.03671875 0.03984375
1 0.471875 0.63359375 0.0421875 0.0453125
6 0.45546875 0.48671875 0.26015625 0.0828125
5 0.6578125 0.7515625 0.00625 0.14296875
5 0.84375 0.4328125 0.00625 0.13203125