0 0.7875 0.94609375 0.021875 0.021875
0 0.61015625 0.94609375 0.021875 0.021875
0 0.52421875 0.946875 0.0234375 0.021875
0 0.3578125 0.946875 0.021875 0.021875
0 0.16484375 0.93984375 0.0125 0.034375
0 0.16953125 0.6734375 0.0203125 0.0203125
0 0.35859375 0.6734375 0.0234375 0.021875
0 0.61171875 0.67265625 0.0265625 0.01875
0 0.7875 0.67265625 0.021875 0.01875
0 0.78671875 0.44375 0.021875 0.01875
0 0.61015625 0.4453125 0.0234375 0.0203125
0 0.3515625 0.5734375 0.021875 0.021875
0 0.165625 0.5796875 0.0125 0.034375
0 0.16953125 0.31953125 0.021875 0.021875
0 0.3515625 0.31953125 0.021875 0.021875
0 0.65 0.31328125 0.0125 0.0390625
0 0.7875 0.31796875 0.021875 0.01875
0 0.65 0.10703125 0.0125 0.0328125
0 0.5609375 0.10703125 0.0125 0.03125
0 0.43046875 0.10703125 0.0125 0.03125
0 0.35546875 0.10703125 0.0140625 0.0328125
0 0.16484375 0.10703125 0.0125 0.034375
8 0.26015625 0.946875 0.084375 0.021875
8 0.44140625 0.946875 0.1046875 0.021875
8 0.5671875 0.946875 0.034375 0.021875
8 0.16484375 0.8015625 0.0125 0.10625
8 0.16484375 0.6359375 0.0125 0.053125
8 0.3578125 0.3703125 0.009375 0.078125
8 0.16484375 0.22734375 0.0125 0.13125
8 0.19375 0.04375 0.046875 0.015625
8 0.32890625 0.04375 0.040625 0.015625
8 0.49609375 0.01328125 0.1046875 0.01875
8 0.734375 0.0421875 0.084375 0.0125
8 0.82734375 0.209375 0.009375 0.13125
8 0.82734375 0.38203125 0.009375 0.0546875
8 0.82734375 0.51953125 0.009375 0.109375
2 0.60078125 0.1875 0.06875 0.040625
1 0.7328125 0.3421875 0.0375 0.04375
1 0.68203125 0.3046875 0.0515625 0.05625
1 0.80625 0.6265625 0.05 0.071875
1 0.63671875 0.49921875 0.0625 0.0875
1 0.578125 0.78046875 0.040625 0.0453125
1 0.50859375 0.71484375 0.05625 0.0796875
1 0.321875 0.7 0.0484375 0.053125
1 0.26875 0.653125 0.040625 0.04375
1 0.33515625 0.27109375 0.053125 0.0765625
1 0.409375 0.209375 0.04375 0.046875
6 0.49609375 0.1796875 0.11875 0.3140625
0 0.43046875 0.31328125 0.0125 0.040625