0 0.1421875 0.75390625 0.028125 0.065625
0 0.1421875 0.24765625 0.028125 0.065625
0 0.37890625 0.8296875 0.028125 0.065625
0 0.37890625 0.48515625 0.028125 0.065625
0 0.653125 0.8296875 0.028125 0.065625
0 0.653125 0.4625 0.028125 0.065625
0 0.63515625 0.23125 0.05625 0.03125
0 0.890625 0.24765625 0.028125 0.065625
0 0.890625 0.75625 0.028125 0.0609375
8 0.2140625 0.77265625 0.05 0.028125
8 0.28359375 0.77265625 0.05 0.028125
8 0.515625 0.8484375 0.078125 0.028125
8 0.74609375 0.77265625 0.05 0.028125
8 0.81953125 0.77265625 0.05 0.028125
8 0.890625 0.559375 0.0265625 0.046875
8 0.890625 0.4921875 0.0265625 0.046875
8 0.771875 0.2296875 0.13125 0.028125
8 0.5140625 0.2296875 0.16875 0.028125
8 0.2625 0.2296875 0.13125 0.028125
1 0.28671875 0.5828125 0.05 0.065625
1 0.29921875 0.48515625 0.05 0.065625
1 0.39921875 0.58125 0.0625 0.0546875
2 0.43671875 0.70390625 0.065625 0.046875
1 0.84921875 0.584375 0.05625 0.065625
6 0.5546875 0.61953125 0.16875 0.121875
1 0.4 0.63828125 0.0640625 0.0484375