0 0.87109375 0.34765625 0.015625 0.034375
0 0.603125 0.16328125 0.0140625 0.034375
0 0.45234375 0.346875 0.0140625 0.0359375
0 0.15 0.1515625 0.04375 0.0125
0 0.19296875 0.5578125 0.025 0.0375
0 0.60234375 0.55390625 0.015625 0.034375
0 0.8703125 0.6078125 0.015625 0.0359375
8 0.18828125 0.8828125 0.01875 0.046875
8 0.36484375 0.8828125 0.0203125 0.0484375
8 0.41015625 0.82109375 0.053125 0.0171875
8 0.56796875 0.82109375 0.053125 0.015625
8 0.453125 0.21796875 0.021875 0.0515625
8 0.6765625 0.33515625 0.065625 0.0171875
8 0.76796875 0.33515625 0.065625 0.015625
8 0.27578125 0.55390625 0.01875 0.046875
8 0.27578125 0.66171875 0.01875 0.0453125
8 0.86953125 0.546875 0.021875 0.0453125
1 0.42421875 0.71640625 0.0453125 0.0484375
1 0.33046875 0.71875 0.04375 0.05
1 0.296875 0.60625 0.05 0.046875
1 0.41875 0.540625 0.0546875 0.040625
1 0.56484375 0.35078125 0.046875 0.0484375
8 0.5140625 0.82109375 0.053125 0.015625