8 0.33984375 0.2421875 0.090625 0.021875
8 0.61171875 0.2421875 0.0921875 0.021875
8 0.30859375 0.61328125 0.034375 0.0625
8 0.3109375 0.69375 0.034375 0.0625
8 0.45 0.80625 0.09375 0.0234375
8 0.68359375 0.87421875 0.090625 0.021875
1 0.7171875 0.35078125 0.0875 0.0515625
1 0.65546875 0.43125 0.0765625 0.065625
1 0.259375 0.4703125 0.08125 0.0625
0 0.3171875 0.8046875 0.05 0.021875
0 0.22578125 0.2421875 0.065625 0.021875
0 0.81640625 0.2421875 0.065625 0.021875
0 0.8328125 0.55703125 0.03125 0.04375
0 0.8171875 0.87265625 0.065625 0.021875