0 0.1734375 0.85546875 0.01875 0.0375
0 0.1765625 0.46484375 0.0234375 0.0375
0 0.18828125 0.1046875 0.046875 0.01875
0 0.5546875 0.1046875 0.046875 0.0203125
0 0.79765625 0.24453125 0.046875 0.01875
0 0.81015625 0.46484375 0.0234375 0.0390625
0 0.7984375 0.653125 0.046875 0.0203125
0 0.64453125 0.85546875 0.01875 0.0375
1 0.2796875 0.6953125 0.0734375 0.059375
1 0.61875 0.68828125 0.0703125 0.0375
1 0.2796875 0.60859375 0.071875 0.06875
1 0.584375 0.4921875 0.05 0.0375
1 0.58359375 0.446875 0.05 0.0375
1 0.528125 0.54609375 0.046875 0.040625
1 0.465625 0.4796875 0.05 0.0375
1 0.52578125 0.36015625 0.06875 0.059375
1 0.61484375 0.2625 0.046875 0.05625
1 0.54296875 0.21015625 0.0703125 0.0375
1 0.78671875 0.503125 0.0703125 0.0375
8 0.1765625 0.52578125 0.0234375 0.04375
8 0.1765625 0.40078125 0.0234375 0.04375
8 0.1765625 0.27109375 0.0234375 0.04375
8 0.35234375 0.1046875 0.2046875 0.01875
8 0.81015625 0.42421875 0.025 0.04375
8 0.17265625 0.78046875 0.015625 0.1125