0 0.19921875 0.11640625 0.015625 0.03125
0 0.3953125 0.1109375 0.02421875 0.02109375
0 0.56484375 0.1109375 0.0265625 0.0203125
0 0.653125 0.1109375 0.02890625 0.02109375
0 0.8328125 0.1109375 0.025 0.02265625
0 0.8328125 0.33359375 0.02734375 0.0203125
0 0.6546875 0.33359375 0.028125 0.025
7 0.83828125 0.4265625 0.01640625 0.11328125
0 0.653125 0.5203125 0.02578125 0.01953125
0 0.8328125 0.52109375 0.025 0.0234375
0 0.69375 0.62734375 0.0171875 0.0375
0 0.8328125 0.621875 0.025 0.021875
7 0.29921875 0.1109375 0.08984375 0.02421875
7 0.484375 0.1109375 0.10703125 0.02265625
7 0.609375 0.11015625 0.03671875 0.021875
7 0.76015625 0.1109375 0.1046875 0.02265625
7 0.83828125 0.22265625 0.0171875 0.1109375
0 0.3890625 0.4140625 0.0265625 0.0203125
0 0.3953125 0.334375 0.02578125 0.021875
7 0.19921875 0.221875 0.01953125 0.11171875
0 0.20390625 0.3328125 0.025 0.02109375
0 0.19921875 0.40859375 0.01640625 0.03125
1 0.3515625 0.61796875 0.0546875 0.009375
0 0.203125 0.621875 0.025 0.02109375
0 0.3890625 0.62265625 0.0265625 0.0203125
1 0.4234375 0.61796875 0.0453125 0.0140625
0 0.46953125 0.628125 0.0171875 0.0359375
1 0.628125 0.61796875 0.05234375 0.009375
1 0.68984375 0.5546875 0.009375 0.059375
7 0.83828125 0.5703125 0.0171875 0.046875
7 0.83828125 0.7125 0.01875 0.1125
7 0.76640625 0.8015625 0.08984375 0.021875
8 0.53671875 0.8015625 0.10546875 0.0234375
7 0.43515625 0.8015625 0.0390625 0.021875
7 0.29609375 0.8015625 0.0890625 0.02265625
7 0.19765625 0.7109375 0.0171875 0.11015625
6 0.5359375 0.7140625 0.125 0.16640625