0 0.21328125 0.9640625 0.01875 0.0125
0 0.21328125 0.6890625 0.01875 0.0125
0 0.3109375 0.21015625 0.01875 0.0125
0 0.85546875 0.21015625 0.01875 0.0140625
0 0.859375 0.35390625 0.009375 0.025
0 0.8546875 0.49765625 0.01875 0.0140625
0 0.6828125 0.6015625 0.01875 0.0125
0 0.6828125 0.428125 0.01875 0.0125
0 0.628125 0.35234375 0.009375 0.021875
0 0.3671875 0.9640625 0.01875 0.0125
0 0.37109375 0.69453125 0.0109375 0.0234375
0 0.37890625 0.6015625 0.01875 0.0125
0 0.5140625 0.48125 0.01875 0.0125
0 0.5140625 0.42734375 0.01875 0.0125
8 0.24453125 0.6890625 0.0359375 0.015625
8 0.31640625 0.646875 0.0109375 0.046875
8 0.31640625 0.47265625 0.0109375 0.046875
8 0.30546875 0.3734375 0.009375 0.0453125
8 0.30546875 0.26171875 0.0078125 0.046875
8 0.78828125 0.209375 0.0359375 0.015625
8 0.83125 0.209375 0.03125 0.015625
6 0.44765625 0.45 0.15625 0.0625