0 0.22265625 0.3046875 0.02421875 0.05
0 0.54921875 0.30546875 0.01796875 0.0515625
0 0.765625 0.30859375 0.025 0.0515625
0 0.5484375 0.5453125 0.01796875 0.05078125
0 0.4796875 0.88125 0.02578125 0.05078125
0 0.765625 0.88046875 0.02421875 0.05
0 0.221875 0.73203125 0.025 0.0515625
8 0.35 0.75703125 0.08125 0.053125
8 0.22265625 0.6359375 0.02578125 0.05859375
8 0.765625 0.69609375 0.02421875 0.05859375
8 0.765625 0.553125 0.02265625 0.05859375
8 0.765625 0.39453125 0.02578125 0.0625
8 0.35859375 0.27890625 0.07734375 0.0546875
1 0.4921875 0.31015625 0.0484375 0.0640625
1 0.58671875 0.31015625 0.0390625 0.05546875
2 0.240625 0.38671875 0.0625 0.07890625
1 0.56640625 0.38984375 0.05390625 0.04296875
1 0.51328125 0.53203125 0.0421875 0.04609375
1 0.58203125 0.546875 0.04140625 0.04609375
1 0.63359375 0.5890625 0.04453125 0.04765625
1 0.5078125 0.62890625 0.04140625 0.04765625
1 0.45625 0.5734375 0.05390625 0.0421875
1 0.50625 0.7921875 0.08203125 0.06484375