0 0.62109375 0.290625 0.025 0.10078125
0 0.76328125 0.3171875 0.0140625 0.1546875
0 0.61953125 0.4859375 0.02265625 0.09296875
0 0.76328125 0.53359375 0.0140625 0.1140625
0 0.48125 0.496875 0.0234375 0.15390625
0 0.6203125 0.77734375 0.0234375 0.159375
0 0.48046875 0.77265625 0.025 0.1671875
0 0.36015625 0.77265625 0.02265625 0.1671875
0 0.2375 0.7734375 0.02578125 0.16640625
0 0.2375 0.496875 0.025 0.153125
1 0.74375 0.2859375 0.0234375 0.00859375
1 0.7046875 0.30859375 0.0078125 0.0390625
1 0.7390625 0.3890625 0.0390625 0.0109375
1 0.7046875 0.3703125 0.00625 0.03515625
1 0.66875 0.3890625 0.03203125 0.01015625
1 0.67109375 0.528125 0.03671875 0.0078125
1 0.73828125 0.484375 0.0359375 0.00859375
1 0.4453125 0.56796875 0.0390625 0.0109375
1 0.33359375 0.56796875 0.03046875 0.0109375
1 0.33359375 0.61640625 0.03046875 0.009375
1 0.3875 0.615625 0.0296875 0.00859375
1 0.40625 0.653125 0.009375 0.03515625
1 0.45546875 0.6390625 0.0296875 0.01015625
1 0.28125 0.6375 0.0296875 0.00859375
1 0.3015625 0.54375 0.00859375 0.03359375
1 0.2609375 0.6203125 0.00390625 0.03046875
8 0.6265625 0.359375 0.00859375 0.04609375
8 0.62734375 0.421875 0.009375 0.04921875
8 0.55 0.4453125 0.125 0.01015625
7 0.36484375 0.4375 0.0890625 0.00859375
8 0.27421875 0.465625 0.0234375 0.009375
8 0.2296875 0.603125 0.00703125 0.03359375
8 0.29921875 0.8484375 0.10625 0.01484375
8 0.41953125 0.8484375 0.10703125 0.01484375