0 0.1828125 0.17421875 0.021875 0.07109375
0 0.18359375 0.77109375 0.021875 0.0703125
0 0.83671875 0.834375 0.021875 0.0703125
0 0.83671875 0.17421875 0.02109375 0.07109375
1 0.19765625 0.5140625 0.05390625 0.0609375
2 0.48515625 0.746875 0.0625 0.0609375
1 0.57421875 0.7390625 0.03828125 0.05859375
1 0.82265625 0.56171875 0.05546875 0.0625
1 0.68828125 0.63359375 0.0328125 0.0703125
1 0.34296875 0.44375 0.0328125 0.07109375
1 0.38828125 0.421875 0.0390625 0.06015625
1 0.53515625 0.42890625 0.0390625 0.06171875
1 0.5796875 0.41953125 0.0328125 0.0703125
1 0.62734375 0.36171875 0.03359375 0.059375
1 0.640625 0.5078125 0.03359375 0.07265625
1 0.6765625 0.428125 0.03359375 0.0640625
1 0.403125 0.19765625 0.03359375 0.06015625
6 0.54375 0.5015625 0.12734375 0.05625
8 0.63203125 0.15625 0.040625 0.040625
8 0.83671875 0.6984375 0.025 0.075