0 0.12265625 0.721875 0.0109375 0.03125
0 0.12265625 0.40546875 0.0109375 0.03125
0 0.85234375 0.11171875 0.015625 0.03125
0 0.8515625 0.38046875 0.015625 0.03125
0 0.7421875 0.9140625 0.021875 0.03125
0 0.41015625 0.9140625 0.01875 0.03125
8 0.203125 0.73125 0.0390625 0.0109375
8 0.22265625 0.3953125 0.1171875 0.0109375
8 0.365625 0.728125 0.0375 0.01875
8 0.41015625 0.76953125 0.01875 0.03125
8 0.4859375 0.91875 0.040625 0.021875
8 0.51015625 0.34921875 0.021875 0.03125
8 0.7421875 0.84296875 0.021875 0.059375
8 0.7421875 0.67578125 0.021875 0.06875
8 0.7421875 0.5265625 0.0203125 0.0375
1 0.33046875 0.48515625 0.059375 0.040625
1 0.43515625 0.615625 0.059375 0.0421875
1 0.43515625 0.484375 0.059375 0.040625
1 0.44375 0.7421875 0.0375 0.025
1 0.48046875 0.809375 0.034375 0.034375
1 0.528125 0.77109375 0.059375 0.0375
1 0.5265625 0.72265625 0.05625 0.0375
1 0.6203125 0.47265625 0.0609375 0.0421875
1 0.71796875 0.421875 0.06875 0.040625
2 0.8328125 0.2453125 0.0546875 0.0609375
2 0.65390625 0.11953125 0.065625 0.046875