0 0.09921875 0.31015625 0.009375 0.021875
0 0.09921875 0.6 0.0078125 0.0171875
0 0.78046875 0.228125 0.03125 0.009375
0 0.89453125 0.8296875 0.0125 0.025
8 0.09921875 0.3875 0.009375 0.01875
8 0.09921875 0.43203125 0.0078125 0.01875
8 0.09921875 0.47421875 0.0078125 0.01875
8 0.09921875 0.51875 0.0078125 0.01875
8 0.24375 0.30234375 0.03125 0.00625
8 0.40625 0.228125 0.084375 0.009375
8 0.5359375 0.228125 0.03125 0.009375
8 0.590625 0.228125 0.03125 0.009375
8 0.825 0.8390625 0.034375 0.00625
8 0.60078125 0.76015625 0.034375 0.009375
8 0.55859375 0.76015625 0.034375 0.009375
8 0.41171875 0.71640625 0.015625 0.01875
8 0.3484375 0.61796875 0.01875 0.01875
1 0.3 0.31953125 0.0578125 0.040625
1 0.3625 0.59140625 0.0296875 0.021875
1 0.37890625 0.66796875 0.04375 0.03125
1 0.4390625 0.66875 0.0390625 0.028125
1 0.4796875 0.69296875 0.0390625 0.028125
1 0.48125 0.75 0.04375 0.03125
1 0.81875 0.7375 0.0375 0.028125
1 0.56875 0.2828125 0.0375 0.028125
1 0.56875 0.32265625 0.0375 0.028125
1 0.64921875 0.3078125 0.025 0.021875
1 0.48671875 0.584375 0.0390625 0.028125
1 0.59140625 0.58359375 0.0375 0.028125
1 0.59140625 0.62578125 0.0390625 0.028125
1 0.62890625 0.6640625 0.025 0.021875
1 0.59765625 0.68828125 0.0375 0.028125
5 0.7796875 0.2796875 0.009375 0.09375
5 0.7484375 0.615625 0.00625 0.071875
5 0.7484375 0.6890625 0.00625 0.06875
5 0.61328125 0.3921875 0.00625 0.1125
5 0.61328125 0.51484375 0.00625 0.1125