0 0.9125 0.0828125 0.01953125 0.01640625
0 0.103125 0.821875 0.03359375 0.028125
0 0.103125 0.08828125 0.03359375 0.028125
0 0.46640625 0.08828125 0.03359375 0.028125
0 0.43125 0.82265625 0.0328125 0.028125
0 0.74765625 0.56484375 0.03359375 0.02890625
8 0.31015625 0.0890625 0.02578125 0.02734375
8 0.75546875 0.446875 0.015625 0.09140625
8 0.8375 0.33359375 0.0265625 0.015625
8 0.915625 0.209375 0.015625 0.18359375
8 0.76484375 0.0828125 0.0265625 0.015625
8 0.6046875 0.0828125 0.0265625 0.015625
2 0.10234375 0.2328125 0.03203125 0.0875
2 0.103125 0.48359375 0.0328125 0.0921875
2 0.16484375 0.81015625 0.05546875 0.05234375
2 0.3734375 0.81015625 0.05390625 0.0515625
2 0.29375 0.41484375 0.04140625 0.1140625
2 0.6453125 0.553125 0.05234375 0.0515625
2 0.50859375 0.11171875 0.05078125 0.0296875
1 0.29296875 0.30546875 0.0421875 0.0609375
1 0.33203125 0.25703125 0.03359375 0.03671875
1 0.4140625 0.32265625 0.03359375 0.03671875
1 0.415625 0.49375 0.0328125 0.03671875
1 0.475 0.5390625 0.03515625 0.040625
1 0.609375 0.31328125 0.0359375 0.03984375
1 0.6515625 0.2953125 0.0421875 0.0609375
1 0.54140625 0.3734375 0.0421875 0.06171875