1 0.3328125 0.4484375 0.090625 0.08125
1 0.43359375 0.35234375 0.0796875 0.109375
1 0.5609375 0.35390625 0.078125 0.10625
1 0.8578125 0.48671875 0.1015625 0.0875
8 0.89765625 0.69453125 0.025 0.0734375
8 0.89765625 0.271875 0.028125 0.0734375
8 0.78515625 0.1484375 0.065625 0.01875
8 0.69609375 0.14765625 0.065625 0.021875
8 0.259375 0.14765625 0.071875 0.021875
8 0.17890625 0.1484375 0.0671875 0.025
0 0.09375 0.828125 0.0265625 0.0640625
0 0.09375 0.48203125 0.025 0.0625
0 0.09375 0.1703125 0.021875 0.059375
0 0.496875 0.16640625 0.025 0.065625
0 0.49609375 0.48125 0.028125 0.065625
0 0.496875 0.82890625 0.025 0.0625
0 0.89765625 0.828125 0.021875 0.0609375
0 0.896875 0.16796875 0.0234375 0.0625