0 0.828125 0.13046875 0.0453125 0.0171875
0 0.8390625 0.51328125 0.0234375 0.04375
0 0.828125 0.87578125 0.0453125 0.0171875
0 0.353125 0.87578125 0.0453125 0.0171875
0 0.35234375 0.60546875 0.046875 0.0234375
0 0.1203125 0.4609375 0.046875 0.021875
0 0.1203125 0.28203125 0.046875 0.0109375
0 0.1203125 0.12578125 0.046875 0.009375
0 0.53671875 0.13046875 0.046875 0.0171875
8 0.43359375 0.1265625 0.0625 0.0125
8 0.8390625 0.2171875 0.0265625 0.059375
8 0.8390625 0.32109375 0.0265625 0.0515625
8 0.8390625 0.4265625 0.028125 0.0890625
8 0.8390625 0.61171875 0.028125 0.090625
8 0.8390625 0.70390625 0.028125 0.090625
8 0.10859375 0.36875 0.0296875 0.0625
1 0.48671875 0.25390625 0.0671875 0.071875
1 0.6140625 0.315625 0.053125 0.046875
1 0.56015625 0.24765625 0.0640625 0.0609375
1 0.5515625 0.4375 0.078125 0.0734375
1 0.4125 0.55 0.096875 0.0703125
2 0.4578125 0.85546875 0.096875 0.065625