1 0.46953125 0.434375 0.0515625 0.05625
1 0.41328125 0.434375 0.0515625 0.05625
0 0.7921875 0.65234375 0.0125 0.0625
1 0.76171875 0.65234375 0.046875 0.059375
1 0.58671875 0.7109375 0.04375 0.0609375
1 0.40078125 0.64375 0.04375 0.0609375
1 0.51015625 0.5609375 0.0375 0.04375
1 0.27578125 0.44140625 0.040625 0.04375
1 0.35546875 0.56640625 0.0484375 0.053125
0 0.7921875 0.12734375 0.0125 0.0859375
0 0.2203125 0.09140625 0.0125 0.0671875
0 0.23359375 0.93515625 0.0390625 0.01875
0 0.7140625 0.93515625 0.0421875 0.01875
5 0.696875 0.16484375 0.15625 0.0125
8 0.5234375 0.1609375 0.09375 0.01875
8 0.321875 0.07109375 0.125 0.01875
8 0.25 0.5390625 0.0125 0.05
8 0.2203125 0.78671875 0.0125 0.14375
8 0.43984375 0.7515625 0.03125 0.021875
8 0.49609375 0.7515625 0.03125 0.021875
8 0.54609375 0.7515625 0.0265625 0.021875
8 0.56484375 0.85234375 0.0125 0.078125