1 0.37890625 0.11953125 0.05625 0.0453125
1 0.42578125 0.153125 0.0421875 0.0328125
1 0.5609375 0.153125 0.04375 0.0328125
1 0.51796875 0.2375 0.05 0.0375
1 0.4578125 0.275 0.0484375 0.046875
1 0.51875 0.3765625 0.0515625 0.040625
1 0.39453125 0.37734375 0.053125 0.040625
1 0.39453125 0.42421875 0.053125 0.040625
1 0.45 0.47734375 0.034375 0.0375
1 0.45 0.52109375 0.0421875 0.0453125
1 0.58828125 0.721875 0.05625 0.0546875
5 0.6640625 0.396875 0.0984375 0.009375
8 0.134375 0.18203125 0.009375 0.075
8 0.134375 0.3328125 0.009375 0.0703125
8 0.134375 0.4703125 0.009375 0.0640625
8 0.6046875 0.334375 0.0125 0.03125
8 0.80078125 0.396875 0.1 0.009375
8 0.89296875 0.6171875 0.009375 0.0734375
8 0.77265625 0.85390625 0.0828125 0.009375
8 0.5765625 0.1 0.0421875 0.0046875
0 0.89296875 0.84765625 0.009375 0.0203125