8 0.196875 0.2359375 0.0515625 0.0265625
8 0.3625 0.2546875 0.0875 0.0640625
8 0.07734375 0.403125 0.0265625 0.0453125
5 0.36171875 0.85234375 0.15 0.0296875
5 0.71953125 0.74140625 0.1515625 0.0265625
1 0.49375 0.78359375 0.0765625 0.0671875
1 0.171875 0.53515625 0.0640625 0.1125
1 0.17890625 0.46484375 0.0546875 0.084375
1 0.203125 0.3375 0.0484375 0.05625
1 0.4734375 0.4 0.05 0.078125
1 0.52109375 0.321875 0.05 0.05625
1 0.675 0.22421875 0.0515625 0.0765625
1 0.84765625 0.2203125 0.075 0.06875
8 0.8609375 0.34609375 0.05 0.0953125
8 0.853125 0.59375 0.0640625 0.1546875
0 0.2359375 0.8484375 0.0578125 0.028125
0 0.85859375 0.73984375 0.0546875 0.03125
0 0.859375 0.146875 0.059375 0.03125
0 0.0921875 0.23828125 0.053125 0.0296875