0 0.32734375 0.8234375 0.021875 0.0140625
0 0.68203125 0.8234375 0.021875 0.0140625
0 0.78359375 0.7078125 0.021875 0.0125
0 0.78359375 0.58828125 0.021875 0.0125
0 0.82109375 0.54296875 0.021875 0.0125
0 0.82109375 0.175 0.021875 0.0125
0 0.47890625 0.175 0.021875 0.0125
0 0.4765625 0.5046875 0.021875 0.0125
0 0.51484375 0.56171875 0.01875 0.0078125
0 0.51484375 0.6921875 0.01875 0.00625
0 0.234375 0.6890625 0.021875 0.0125
0 0.234375 0.50625 0.021875 0.0125
8 0.2296875 0.55234375 0.0125 0.0171875
8 0.3109375 0.503125 0.121875 0.00625
8 0.45 0.50546875 0.03125 0.0109375
8 0.47734375 0.4890625 0.01875 0.01875
8 0.47734375 0.39609375 0.01875 0.025
8 0.5453125 0.1734375 0.0640625 0.0109375
8 0.82578125 0.2421875 0.0125 0.0546875
8 0.82578125 0.43203125 0.0125 0.0546875
8 0.78515625 0.6484375 0.01875 0.0390625
2 0.42578125 0.81015625 0.065625 0.0390625
2 0.58359375 0.8109375 0.065625 0.0390625
2 0.671875 0.7640625 0.04375 0.040625
2 0.56328125 0.6046875 0.065625 0.03125
1 0.72109375 0.68828125 0.046875 0.05
1 0.715625 0.565625 0.05625 0.034375
1 0.67265625 0.35078125 0.046875 0.0375
1 0.628125 0.3125 0.0453125 0.0421875
1 0.5828125 0.35078125 0.046875 0.0375
1 0.5828125 0.45390625 0.046875 0.0375
1 0.54765625 0.54375 0.0453125 0.0375
1 0.5078125 0.578125 0.04375 0.0234375
1 0.62578125 0.6078125 0.040625 0.0375