0 0.84375 0.39921875 0.0328125 0.17265625
0 0.353125 0.346875 0.0203125 0.06875
0 0.353125 0.45234375 0.01640625 0.06640625
0 0.346875 0.5828125 0.03125 0.04765625
0 0.8421875 0.57734375 0.0328125 0.0359375
8 0.5671875 0.33203125 0.0125 0.02421875
8 0.6546875 0.5328125 0.02578125 0.0109375
8 0.7625 0.5328125 0.11953125 0.00859375
8 0.56796875 0.5703125 0.1328125 0.01015625
8 0.28671875 0.49765625 0.06875 0.00625
8 0.42421875 0.53671875 0.1296875 0.0109375
1 0.475 0.31796875 0.04921875 0.0109375
1 0.546875 0.4 0.0359375 0.00859375
1 0.6375 0.4171875 0.0078125 0.034375
1 0.615625 0.43828125 0.04296875 0.00546875
1 0.6546875 0.4390625 0.03515625 0.00546875
4 0.3515625 0.39453125 0.0109375 0.03359375