0 0.0859375 0.22734375 0.0109375 0.05
0 0.94609375 0.20859375 0.0296875 0.0125
0 0.95625 0.56796875 0.0109375 0.034375
0 0.846875 0.784375 0.0109375 0.0359375
0 0.2390625 0.77109375 0.0109375 0.0625
0 0.0859375 0.54609375 0.0109375 0.059375
8 0.0859375 0.39375 0.0109375 0.171875
8 0.14375 0.5703125 0.0546875 0.0140625
8 0.84609375 0.69296875 0.0109375 0.090625
8 0.95625 0.39375 0.009375 0.171875
1 0.384375 0.365625 0.05625 0.0609375
1 0.2765625 0.59296875 0.0546875 0.059375
1 0.31796875 0.4734375 0.0703125 0.1
1 0.6125 0.36640625 0.0546875 0.059375
1 0.5921875 0.45078125 0.0671875 0.096875
1 0.68828125 0.603125 0.0546875 0.059375
6 0.534375 0.6546875 0.2203125 0.271875