0 0.32734375 0.1078125 0.0125 0.00859375
0 0.31015625 0.2203125 0.0140625 0.0109375
0 0.31015625 0.46171875 0.01328125 0.009375
0 0.6765625 0.8171875 0.01328125 0.01171875
0 0.60234375 0.81796875 0.01328125 0.01171875
0 0.5015625 0.81796875 0.01328125 0.01171875
0 0.49765625 0.4609375 0.0140625 0.00859375
0 0.6765625 0.46015625 0.0140625 0.00703125
0 0.6765625 0.2890625 0.0140625 0.009375
0 0.5015625 0.378125 0.0140625 0.009375
0 0.496875 0.11484375 0.0046875 0.025
8 0.40625 0.10703125 0.01484375 0.01171875
8 0.48359375 0.10703125 0.01484375 0.01171875
8 0.54921875 0.3875 0.03359375 0.03203125
8 0.6203125 0.28984375 0.01640625 0.0125
8 0.68046875 0.3265625 0.00703125 0.0546875
8 0.68046875 0.74140625 0.00703125 0.06015625
8 0.5609375 0.81796875 0.02890625 0.015625
8 0.3234375 0.1578125 0.00625 0.03203125
1 0.3671875 0.17421875 0.0125 0.028125
1 0.36796875 0.2359375 0.01875 0.04609375
1 0.39453125 0.2296875 0.01328125 0.03359375
1 0.41796875 0.23515625 0.01796875 0.0453125
1 0.421875 0.1640625 0.0140625 0.034375
2 0.48828125 0.1984375 0.0234375 0.06640625
2 0.29765625 0.32890625 0.0234375 0.06796875
1 0.41171875 0.3390625 0.02109375 0.03515625
1 0.4125 0.4203125 0.021875 0.03671875
2 0.453125 0.446875 0.0359375 0.04375
2 0.48828125 0.5296875 0.02578125 0.0765625
2 0.48828125 0.63046875 0.0265625 0.07734375
1 0.5078125 0.78203125 0.02890625 0.05078125
2 0.67109375 0.53125 0.02734375 0.078125
2 0.67109375 0.628125 0.0265625 0.0765625
2 0.61015625 0.41953125 0.0234375 0.06875
2 0.67265625 0.41328125 0.0234375 0.06796875
6 0.45859375 0.33515625 0.07109375 0.084375
6 0.53046875 0.72421875 0.0609375 0.0421875
5 0.44296875 0.16484375 0.0078125 0.08359375