0 0.1875 0.15390625 0.0234375 0.009375
0 0.34296875 0.2234375 0.0234375 0.009375
0 0.34296875 0.15390625 0.0234375 0.009375
0 0.440625 0.1 0.0234375 0.009375
0 0.440625 0.2234375 0.0234375 0.009375
0 0.440625 0.475 0.025 0.009375
0 0.7359375 0.1 0.0234375 0.009375
0 0.74296875 0.4671875 0.009375 0.025
0 0.8109375 0.4765625 0.0234375 0.009375
0 0.85546875 0.596875 0.0234375 0.009375
0 0.8109375 0.5953125 0.0234375 0.009375
0 0.621875 0.8390625 0.0234375 0.009375
0 0.52890625 0.8390625 0.0234375 0.009375
0 0.3859375 0.8390625 0.0234375 0.009375
0 0.36875 0.875 0.0234375 0.009375
0 0.21015625 0.875 0.0234375 0.009375
0 0.1875 0.83828125 0.0234375 0.009375
0 0.85546875 0.8390625 0.0234375 0.009375
0 0.1796875 0.4671875 0.009375 0.025
8 0.17890625 0.38203125 0.0078125 0.115625
8 0.17890625 0.68984375 0.00625 0.115625
8 0.8640625 0.715625 0.00625 0.103125
8 0.66875 0.8390625 0.0453125 0.009375
8 0.56953125 0.8390625 0.0453125 0.009375
8 0.446875 0.8390625 0.0875 0.009375
8 0.61796875 0.09921875 0.075 0.00625
1 0.20078125 0.540625 0.053125 0.046875
1 0.39296875 0.24375 0.040625 0.0484375
1 0.42578125 0.190625 0.0515625 0.046875
1 0.47578125 0.11796875 0.0375 0.04375
1 0.796875 0.528125 0.0515625 0.046875
1 0.73203125 0.625 0.0515625 0.053125
1 0.68671875 0.68984375 0.040625 0.046875
6 0.25703125 0.1890625 0.23125 0.0609375
6 0.57421875 0.7140625 0.1046875 0.2421875
0 0.1875 0.2234375 0.0234375 0.009375
1 0.65234375 0.63515625 0.0515625 0.046875