0 0.12265625 0.1421875 0.0421875 0.0203125
0 0.11796875 0.80078125 0.0328125 0.00859375
0 0.50234375 0.80078125 0.0265625 0.01171875
0 0.87578125 0.80234375 0.02578125 0.01171875
0 0.8734375 0.14140625 0.0265625 0.01015625
0 0.884375 0.46796875 0.00546875 0.0375
0 0.48359375 0.53359375 0.02578125 0.01171875
0 0.10703125 0.46875 0.00703125 0.03515625
1 0.41171875 0.38984375 0.05546875 0.0734375
1 0.4734375 0.209375 0.05234375 0.08515625
1 0.41171875 0.56484375 0.05625 0.07734375
1 0.35078125 0.47265625 0.059375 0.0734375
1 0.134375 0.290625 0.0671875 0.08515625
0 0.5046875 0.140625 0.02578125 0.01015625