0 0.87734375 0.87109375 0.015625 0.04375
0 0.2671875 0.871875 0.015625 0.040625
0 0.075 0.40546875 0.0171875 0.034375
0 0.31484375 0.11640625 0.0125 0.0296875
1 0.58828125 0.64296875 0.059375 0.0546875
1 0.5140625 0.70078125 0.090625 0.0625
1 0.44453125 0.796875 0.05 0.046875
1 0.353125 0.703125 0.053125 0.046875
1 0.26953125 0.596875 0.075 0.053125
1 0.3453125 0.34609375 0.0734375 0.0671875
1 0.4171875 0.2625 0.090625 0.0625
8 0.2671875 0.796875 0.015625 0.046875
8 0.22890625 0.76953125 0.053125 0.009375
8 0.3125 0.646875 0.0125 0.046875
8 0.15703125 0.57734375 0.1484375 0.0125
8 0.9234449765624999 0.6699304671874999 0.8851267515625001 0.669899209375 0.8852560687500001 0.6800766281249999 0.939305334375 0.6801475796875 0.9394825453125 0.617567759375 0.9234449765624999 0.6175606640625 0.9234449765624999 0.6699304671874999
8 0.9235247203125001 0.5007024265625 0.9234449765624999 0.5530722296875 0.9394825453125 0.5530722296875 0.939305334375 0.49042145625 0.8842902718750001 0.4904853125 0.8842902718750001 0.50051085625 0.9235247203125001 0.5007024265625