0 0.21796875 0.08046875 0.01875 0.00625
0 0.2125 0.89140625 0.0078125 0.0296875
0 0.81875 0.93828125 0.0078125 0.028125
0 0.8109375 0.42578125 0.0234375 0.00625
8 0.2109375 0.17734375 0.0046875 0.0765625
8 0.2109375 0.3515625 0.0046875 0.0796875
8 0.2125 0.509375 0.0078125 0.0765625
8 0.72109375 0.95 0.078125 0.00625
8 0.81875 0.6765625 0.0078125 0.078125
8 0.74453125 0.42578125 0.078125 0.00625
8 0.63515625 0.42578125 0.078125 0.00625
8 0.58828125 0.35234375 0.0078125 0.034375
8 0.5625 0.0828125 0.0328125 0.0109375
5 0.40078125 0.3359375 0.0046875 0.0609375
5 0.546875 0.32734375 0.078125 0.00625
1 0.40234375 0.1015625 0.04375 0.0484375
1 0.43984375 0.14140625 0.025 0.0359375
1 0.54921875 0.14375 0.028125 0.0375
1 0.5140625 0.240625 0.028125 0.0390625
1 0.4703125 0.2875 0.0421875 0.046875
1 0.42421875 0.40546875 0.0328125 0.04375
1 0.42421875 0.4546875 0.0328125 0.04375
2 0.46328125 0.54453125 0.04375 0.0921875
5 0.4 0.52890625 0.0046875 0.0765625
1 0.51484375 0.39765625 0.03125 0.04375
1 0.57734375 0.803125 0.05 0.0546875