0 0.2046875 0.059375 0.0046875 0.01875
0 0.21328125 0.87578125 0.02265625 0.01171875
0 0.8140625 0.91484375 0.00546875 0.02578125
0 0.584375 0.059375 0.0046875 0.01796875
8 0.2046875 0.1484375 0.00546875 0.08359375
8 0.2046875 0.321875 0.0046875 0.0828125
8 0.2046875 0.48125 0.0046875 0.08359375
8 0.7171875 0.92421875 0.08046875 0.00625
8 0.8140625 0.65 0.0046875 0.08359375
8 0.62734375 0.3984375 0.0828125 0.00625
8 0.740625 0.3984375 0.0796875 0.00703125
5 0.540625 0.296875 0.0796875 0.00625
8 0.5828125 0.32421875 0.0078125 0.03359375
8 0.55703125 0.053125 0.03359375 0.00859375
5 0.39375 0.5015625 0.00546875 0.078125
5 0.39375 0.3078125 0.00546875 0.0671875
1 0.39453125 0.071875 0.03828125 0.04375
1 0.4359375 0.1125 0.02890625 0.03671875
1 0.5421875 0.1140625 0.02734375 0.03984375
1 0.50859375 0.21015625 0.0296875 0.03671875
1 0.46328125 0.26015625 0.03984375 0.0453125
1 0.41796875 0.37265625 0.03125 0.04140625
1 0.50859375 0.36953125 0.0296875 0.0421875
1 0.4171875 0.4296875 0.03046875 0.0421875
1 0.4578125 0.4953125 0.0453125 0.0484375
1 0.45859375 0.53984375 0.0421875 0.046875
1 0.5703125 0.778125 0.04921875 0.05390625