0 0.22421875 0.19765625 0.0171875 0.025
0 0.22421875 0.45390625 0.0171875 0.025
0 0.22421875 0.71171875 0.0171875 0.025
0 0.48671875 0.7140625 0.01875 0.025
0 0.48671875 0.87265625 0.01875 0.025
0 0.753125 0.87265625 0.01875 0.025
0 0.753125 0.7140625 0.01875 0.025
0 0.84765625 0.7109375 0.0171875 0.025
0 0.84765625 0.50859375 0.0171875 0.025
0 0.49765625 0.50859375 0.01875 0.025
0 0.540625 0.19765625 0.0171875 0.025
0 0.6265625 0.19765625 0.01875 0.025
0 0.84765625 0.19765625 0.0171875 0.025
8 0.3234375 0.7125 0.0734375 0.021875
8 0.6203125 0.87421875 0.1203125 0.021875
8 0.84765625 0.61640625 0.0171875 0.0515625
8 0.84765625 0.45078125 0.0171875 0.0515625
8 0.84765625 0.2890625 0.0171875 0.0515625
8 0.6578125 0.19609375 0.034375 0.021875
8 0.41328125 0.19609375 0.0421875 0.021875
8 0.22421875 0.31328125 0.0171875 0.0515625
1 0.34140625 0.4140625 0.0609375 0.0578125
1 0.3921875 0.36015625 0.0453125 0.0453125
1 0.39296875 0.51875 0.0421875 0.046875
1 0.46796875 0.51875 0.0421875 0.0453125
1 0.58359375 0.31953125 0.05 0.0703125
1 0.659375 0.35703125 0.0546875 0.053125
1 0.70703125 0.40625 0.0421875 0.046875
1 0.78515625 0.69296875 0.0453125 0.0625
1 0.6578125 0.28359375 0.0484375 0.046875