0 0.1390625 0.17578125 0.0171875 0.059375
0 0.41953125 0.175 0.01875 0.0625
0 0.675 0.175 0.0171875 0.0625
0 0.9140625 0.2890625 0.01875 0.0609375
0 0.9140625 0.51953125 0.01875 0.0609375
0 0.1390625 0.434375 0.0171875 0.0609375
0 0.1390625 0.8265625 0.0171875 0.0625
0 0.41640625 0.8265625 0.01875 0.0625
0 0.7375 0.56875 0.01875 0.0625
0 0.7375 0.7265625 0.01875 0.059375
8 0.546875 0.15078125 0.096875 0.0125
8 0.2859375 0.15078125 0.096875 0.0125
8 0.27734375 0.85078125 0.1078125 0.0125
8 0.803125 0.54453125 0.096875 0.0125
8 0.6328125 0.75234375 0.159375 0.0125
1 0.71796875 0.221875 0.071875 0.096875
1 0.3765625 0.36484375 0.071875 0.1015625
1 0.3765625 0.58828125 0.071875 0.1
1 0.26328125 0.51015625 0.059375 0.0609375
2 0.47734375 0.7265625 0.0796875 0.0625
0 0.4203125 0.56875 0.01875 0.0625