0 0.9234375 0.23828125 0.021875 0.015625
0 0.928125 0.484375 0.0109375 0.0328125
0 0.9234375 0.75546875 0.021875 0.015625
0 0.84140625 0.75546875 0.021875 0.015625
0 0.625 0.75625 0.021875 0.015625
0 0.4203125 0.75546875 0.034375 0.015625
0 0.196875 0.75546875 0.034375 0.015625
0 0.1859375 0.484375 0.0125 0.05
0 0.196875 0.23828125 0.034375 0.015625
0 0.41953125 0.23828125 0.034375 0.015625
0 0.625 0.23828125 0.021875 0.015625
0 0.62578125 0.484375 0.021875 0.015625
0 0.840625 0.484375 0.021875 0.015625
0 0.84140625 0.23828125 0.021875 0.015625
8 0.63046875 0.71640625 0.0140625 0.06875
1 0.2234375 0.68046875 0.09375 0.125
1 0.66015625 0.6328125 0.0515625 0.05625
1 0.778125 0.54921875 0.084375 0.121875
6 0.528125 0.36328125 0.1984375 0.24375