0 0.8890625 0.915625 0.03125 0.009375
0 0.89921875 0.9015625 0.0125 0.01875
8 0.89921875 0.77890625 0.0125 0.115625
0 0.07265625 0.09296875 0.009375 0.028125
0 0.08828125 0.084375 0.021875 0.009375
8 0.2375 0.084375 0.13125 0.009375
8 0.43359375 0.084375 0.13125 0.009375
8 0.63046875 0.084375 0.13125 0.009375
8 0.8015625 0.44453125 0.0109375 0.115625
8 0.7171875 0.5984375 0.0125 0.053125
8 0.715625 0.915625 0.13125 0.0109375
8 0.45390625 0.915625 0.059375 0.009375
8 0.228125 0.66875 0.13125 0.009375
8 0.07265625 0.53671875 0.0125 0.115625
8 0.07265625 0.38203125 0.0125 0.078125
8 0.07265625 0.25390625 0.0125 0.078125
8 0.07265625 0.1359375 0.009375 0.059375
1 0.4609375 0.7734375 0.059375 0.0609375
1 0.3875 0.70234375 0.0796875 0.078125
1 0.52421875 0.5734375 0.0703125 0.053125
1 0.534375 0.38359375 0.090625 0.06875
2 0.68984375 0.21484375 0.065625 0.096875