0 0.56484375 0.1796875 0.009375 0.03125
0 0.6890625 0.26953125 0.021875 0.015625
0 0.71875 0.7265625 0.009375 0.028125
0 0.6921875 0.7359375 0.021875 0.015625
0 0.69765625 0.8484375 0.009375 0.028125
0 0.49921875 0.8484375 0.0109375 0.0296875
0 0.5046875 0.7359375 0.021875 0.015625
0 0.2203125 0.7265625 0.009375 0.028125
0 0.2203125 0.47109375 0.009375 0.0296875
0 0.396875 0.1796875 0.009375 0.03125
0 0.25703125 0.26953125 0.0203125 0.015625
0 0.25703125 0.46171875 0.0203125 0.015625
0 0.5046875 0.4640625 0.021875 0.015625
8 0.32421875 0.26796875 0.065625 0.0125
8 0.42421875 0.26875 0.028125 0.0125
8 0.48828125 0.26796875 0.059375 0.0125
8 0.62890625 0.26875 0.065625 0.0125
8 0.70703125 0.46328125 0.01875 0.0125
8 0.63203125 0.73515625 0.0796875 0.0125
8 0.44375 0.73515625 0.065625 0.0125
8 0.2984375 0.73515625 0.065625 0.0125
1 0.540625 0.24765625 0.040625 0.0546875
1 0.42421875 0.3921875 0.046875 0.05625
1 0.37265625 0.4421875 0.040625 0.05625
1 0.34921875 0.55703125 0.04375 0.05625
1 0.40078125 0.55703125 0.04375 0.05625
1 0.453125 0.49921875 0.0578125 0.0625
1 0.54140625 0.44140625 0.040625 0.05625
1 0.54921875 0.71171875 0.04375 0.059375