0 0.7578125 0.246875 0.01875 0.0703125
0 0.18359375 0.24765625 0.0203125 0.0640625
0 0.4703125 0.23125 0.04375 0.034375
0 0.75703125 0.853125 0.0203125 0.065625
0 0.24453125 0.76015625 0.01875 0.05
1 0.584375 0.41171875 0.059375 0.0984375
1 0.66171875 0.35234375 0.0625 0.09375
1 0.54765625 0.8078125 0.0640625 0.0921875
8 0.18359375 0.38828125 0.01875 0.1
8 0.24375 0.62421875 0.021875 0.0953125
8 0.41953125 0.76875 0.0546875 0.034375
8 0.34609375 0.76875 0.059375 0.0390625
8 0.759375 0.46015625 0.025 0.103125
8 0.759375 0.73671875 0.025 0.10625