0 0.03046875 0.1125 0.0296875 0.0171875
0 0.346875 0.1125 0.03125 0.0171875
0 0.67109375 0.1125 0.03125 0.0171875
0 0.94140625 0.11328125 0.03125 0.0171875
0 0.03046875 0.8203125 0.0296875 0.0171875
0 0.346875 0.8203125 0.03125 0.0171875
0 0.67109375 0.8203125 0.03125 0.0171875
0 0.36015625 0.465625 0.0234375 0.025
0 0.64609375 0.465625 0.021875 0.025
0 0.940625 0.8203125 0.0296875 0.0171875
0 0.84140625 0.37109375 0.0109375 0.046875
0 0.95 0.37109375 0.0109375 0.046875
8 0.71953125 0.70390625 0.0125 0.1984375
6 0.8953125 0.25078125 0.0984375 0.259375