0 0.8546875 0.25078125 0.0125 0.0359375
0 0.84921875 0.471875 0.0234375 0.0359375
0 0.71171875 0.65703125 0.0234375 0.0359375
0 0.61015625 0.76796875 0.0234375 0.0359375
0 0.17265625 0.76796875 0.0234375 0.0359375
0 0.17265625 0.51796875 0.0234375 0.0359375
0 0.35 0.509375 0.025 0.0203125
0 0.609375 0.23984375 0.034375 0.0140625
0 0.35703125 0.25078125 0.0125 0.0359375
1 0.67890625 0.25546875 0.0328125 0.0453125
1 0.74921875 0.46015625 0.0421875 0.059375
1 0.528125 0.4078125 0.0421875 0.046875
1 0.528125 0.38828125 0.0421875 0.053125
1 0.390625 0.45078125 0.0421875 0.0484375
1 0.38125 0.478125 0.0609375 0.04375
1 0.528125 0.53515625 0.0421875 0.0484375
1 0.5671875 0.4953125 0.0359375 0.034375
1 0.5671875 0.45546875 0.0359375 0.0359375
1 0.48125 0.6828125 0.0421875 0.046875
1 0.5921875 0.69609375 0.0578125 0.04375
2 0.18515625 0.57890625 0.046875 0.059375
2 0.18515625 0.7078125 0.046875 0.059375
2 0.29453125 0.7609375 0.065625 0.05
2 0.5421875 0.7609375 0.065625 0.05
2 0.45546875 0.53359375 0.0765625 0.0453125
2 0.7015625 0.60625 0.04375 0.059375
1 0.7015625 0.50703125 0.04375 0.03125