0 0.21796875 0.7109375 0.01875 0.0203125
0 0.42265625 0.7109375 0.0203125 0.021875
0 0.61640625 0.6453125 0.021875 0.021875
0 0.62578125 0.51640625 0.040625 0.0109375
0 0.84765625 0.33515625 0.021875 0.021875
0 0.3984375 0.31484375 0.0203125 0.021875
0 0.228125 0.44296875 0.0390625 0.0109375
8 0.21796875 0.55546875 0.025 0.0375
8 0.321875 0.7171875 0.1375 0.0109375
8 0.615625 0.596875 0.025 0.053125
8 0.7515625 0.515625 0.103125 0.0125
8 0.83828125 0.4796875 0.040625 0.03125
8 0.83828125 0.40234375 0.0421875 0.03125
8 0.3515625 0.44296875 0.05 0.0125
1 0.24453125 0.4578125 0.0375 0.021875
1 0.253125 0.50703125 0.05625 0.03125
1 0.4484375 0.51015625 0.04375 0.025
1 0.54453125 0.6375 0.0578125 0.0390625
1 0.58984375 0.5328125 0.046875 0.021875
1 0.60546875 0.46796875 0.04375 0.025
1 0.68828125 0.44140625 0.0390625 0.021875
1 0.68828125 0.40859375 0.0390625 0.01875
1 0.6390625 0.32578125 0.0578125 0.0359375
1 0.6453125 0.3828125 0.0546875 0.03125
1 0.5 0.38359375 0.04375 0.025
6 0.5546875 0.40625 0.0625 0.0703125
0 0.3984375 0.43828125 0.0203125 0.021875
0 0.846875 0.51015625 0.021875 0.021875