0 0.78125 0.10234375 0.0125 0.03828125
0 0.78125 0.46953125 0.01171875 0.03828125
0 0.5421875 0.6109375 0.0109375 0.03828125
0 0.12578125 0.61171875 0.01171875 0.03984375
0 0.1265625 0.36328125 0.01171875 0.03828125
0 0.475 0.33515625 0.0109375 0.03828125
0 0.5421875 0.90703125 0.0109375 0.03828125
0 0.78203125 0.90703125 0.01171875 0.03828125
0 0.475 0.10234375 0.0109375 0.0390625
8 0.628125 0.08828125 0.1328125 0.0109375
8 0.47421875 0.21875 0.0109375 0.1265625
8 0.30078125 0.34921875 0.1328125 0.01015625
8 0.3875 0.92109375 0.1328125 0.01015625
8 0.66171875 0.92109375 0.1328125 0.01015625
1 0.74375 0.31796875 0.065625 0.07265625
1 0.5765625 0.48359375 0.059375 0.06640625
1 0.575 0.7171875 0.0765625 0.06328125
1 0.74765625 0.653125 0.06015625 0.065625
8 0.78125 0.52265625 0.01171875 0.05703125
8 0.78203125 0.60078125 0.0109375 0.05703125
2 0.17890625 0.59921875 0.0921875 0.04453125
0 0.23203125 0.90703125 0.0109375 0.03828125