0 0.8640625 0.88359375 0.034375 0.021875
0 0.146875 0.11953125 0.0453125 0.015625
0 0.4125 0.88359375 0.05625 0.021875
8 0.49765625 0.11953125 0.203125 0.015625
8 0.87578125 0.64296875 0.0125 0.1828125
8 0.13046875 0.4046875 0.0140625 0.1875
1 0.49375 0.73984375 0.065625 0.090625
1 0.41640625 0.5453125 0.0640625 0.090625
1 0.49375 0.5453125 0.065625 0.090625
1 0.434375 0.45546875 0.0578125 0.0625
1 0.3625 0.18203125 0.0640625 0.09375
5 0.20078125 0.196875 0.10625 0.009375
6 0.69765625 0.259375 0.34375 0.2640625
0 0.84921875 0.11953125 0.065625 0.015625
8 0.87578125 0.259375 0.0125 0.184375
1 0.56640625 0.428125 0.065625 0.071875