8 0.75703125 0.66015625 0.021875 0.090625
8 0.75703125 0.3921875 0.021875 0.0921875
8 0.38984375 0.69140625 0.0625 0.034375
8 0.31015625 0.6890625 0.0625 0.0328125
8 0.19921875 0.5515625 0.0234375 0.09375
8 0.13125 0.3203125 0.021875 0.090625
1 0.65 0.2875 0.0515625 0.0859375
1 0.5703125 0.3484375 0.065625 0.0765625
1 0.53125 0.73984375 0.0625 0.08125
0 0.2 0.68359375 0.021875 0.0484375
0 0.75703125 0.7734375 0.0203125 0.065625
0 0.75703125 0.1890625 0.021875 0.0640625
0 0.4453125 0.17265625 0.04375 0.0328125
0 0.1328125 0.18828125 0.0203125 0.0640625