0 0.84609375 0.76796875 0.009375 0.021875
0 0.11171875 0.35625 0.009375 0.0234375
0 0.12109375 0.35078125 0.009375 0.0125
0 0.83671875 0.77265625 0.009375 0.0125
8 0.80859375 0.771875 0.03125 0.0125
8 0.66171875 0.771875 0.03125 0.0125
8 0.5625 0.84921875 0.05625 0.0140625
8 0.18828125 0.84921875 0.0625 0.0140625
8 0.11171875 0.7171875 0.0109375 0.128125
8 0.11171875 0.4328125 0.009375 0.0390625
8 0.2515625 0.35 0.03125 0.0125
8 0.459375 0.2859375 0.0109375 0.078125
8 0.76640625 0.353125 0.05625 0.0125
8 0.84609375 0.73515625 0.009375 0.0375
1 0.496875 0.75625 0.0234375 0.04375
1 0.46484375 0.73671875 0.034375 0.0359375
1 0.44609375 0.59609375 0.0234375 0.040625
1 0.13203125 0.54609375 0.05 0.0515625
1 0.1890625 0.3734375 0.0359375 0.059375
1 0.2390625 0.42890625 0.03125 0.03125
1 0.51171875 0.36953125 0.028125 0.0390625
1 0.46015625 0.375 0.0328125 0.0375
1 0.634375 0.3921875 0.025 0.0375
2 0.3453125 0.5796875 0.065625 0.053125
2 0.34921875 0.4 0.065625 0.05