0 0.828125 0.89921875 0.034375 0.0625
0 0.17265625 0.9 0.0359375 0.0609375
0 0.1671875 0.13984375 0.025 0.065625
0 0.828125 0.22890625 0.0375 0.034375
1 0.31796875 0.259375 0.059375 0.040625
1 0.4234375 0.259375 0.059375 0.0421875
1 0.57421875 0.2578125 0.05625 0.0390625
1 0.53984375 0.4390625 0.059375 0.040625
1 0.46015625 0.43671875 0.059375 0.040625
1 0.7109375 0.6078125 0.05625 0.0390625
1 0.50703125 0.57578125 0.059375 0.0421875
1 0.32734375 0.6609375 0.0546875 0.046875
1 0.378125 0.71328125 0.0671875 0.046875
1 0.6890625 0.9109375 0.05625 0.0390625
8 0.82890625 0.278125 0.034375 0.0640625
8 0.828125 0.37734375 0.034375 0.0625
8 0.828125 0.515625 0.0359375 0.059375
8 0.828125 0.784375 0.034375 0.1125
8 0.25546875 0.9140625 0.059375 0.034375
8 0.17265625 0.83046875 0.034375 0.059375
8 0.17265625 0.525 0.034375 0.059375
8 0.17265625 0.37734375 0.034375 0.065625
8 0.1734375 0.28046875 0.034375 0.0640625
8 0.7765625 0.22890625 0.065625 0.034375
8 0.74453125 0.9140625 0.05625 0.034375
8 0.6328125 0.9140625 0.05625 0.034375
8 0.5015625 0.9140625 0.04375 0.034375
6 0.2921875 0.525 0.203125 0.1296875