0 0.14453125 0.76875 0.009375 0.015625
0 0.79296875 0.76875 0.01875 0.015625
0 0.79296875 0.53203125 0.01875 0.0171875
0 0.79296875 0.24765625 0.01875 0.0171875
0 0.425 0.24765625 0.021875 0.0171875
0 0.48125 0.5375 0.0125 0.015625
0 0.1453125 0.53984375 0.0125 0.015625
8 0.30859375 0.77265625 0.0375 0.009375
8 0.4671875 0.76953125 0.065625 0.015625
8 0.79375 0.6609375 0.0265625 0.0765625
8 0.79296875 0.465625 0.025 0.04375
8 0.79296875 0.3234375 0.0234375 0.04375
8 0.52421875 0.24609375 0.06875 0.015625
8 0.425 0.4140625 0.025 0.021875
8 0.2734375 0.53671875 0.1203125 0.0140625
1 0.5984375 0.3515625 0.0453125 0.028125
1 0.55078125 0.4109375 0.0625 0.028125
1 0.6453125 0.378125 0.0609375 0.028125
1 0.6453125 0.440625 0.059375 0.028125
1 0.5640625 0.48046875 0.034375 0.015625
1 0.5046875 0.51328125 0.078125 0.03125
1 0.44609375 0.59453125 0.04375 0.025
8 0.41484375 0.5390625 0.0375 0.015625
1 0.39453125 0.56015625 0.06875 0.03125
2 0.66484375 0.7625 0.06875 0.0328125