0 0.1546875 0.07265625 0.0234375 0.015625
0 0.14765625 0.8921875 0.009375 0.034375
0 0.83515625 0.890625 0.009375 0.0375
0 0.8265625 0.07265625 0.0265625 0.015625
8 0.2046875 0.07265625 0.0296875 0.015625
8 0.14765625 0.3109375 0.009375 0.10859375
8 0.14765625 0.69453125 0.009375 0.109375
8 0.2671875 0.9015625 0.0703125 0.01484375
8 0.39609375 0.9015625 0.0703125 0.01484375
8 0.5609375 0.90234375 0.0703125 0.01484375
8 0.74296875 0.9015625 0.0703125 0.01484375
8 0.83515625 0.74296875 0.009375 0.04453125
8 0.83515625 0.2859375 0.009375 0.109375
8 0.7796875 0.07265625 0.0296875 0.015625
8 0.48359375 0.134375 0.0703125 0.01484375
8 0.56875 0.134375 0.0296875 0.01484375
1 0.25703125 0.178125 0.04140625 0.05859375
1 0.321875 0.48203125 0.05234375 0.0734375
1 0.5 0.4203125 0.046875 0.053125
1 0.56484375 0.309375 0.03828125 0.04296875
1 0.646875 0.48203125 0.0515625 0.0734375
1 0.725 0.16015625 0.04140625 0.05859375
1 0.1890625 0.88359375 0.046875 0.0515625