0 0.13828125 0.20078125 0.0140625 0.059375
0 0.36015625 0.2 0.0140625 0.0609375
0 0.13828125 0.54140625 0.0140625 0.0625
0 0.10078125 0.84765625 0.0578125 0.015625
0 0.46484375 0.846875 0.0578125 0.015625
0 0.85 0.846875 0.0578125 0.0140625
0 0.70859375 0.54765625 0.0140625 0.0609375
0 0.62578125 0.19921875 0.0140625 0.0609375
1 0.4234375 0.30625 0.05625 0.075
1 0.678125 0.54609375 0.046875 0.0640625
1 0.64921875 0.3703125 0.0625 0.05
1 0.84296875 0.6078125 0.071875 0.0609375
1 0.8421875 0.4046875 0.046875 0.0640625
1 0.8421875 0.1984375 0.046875 0.065625
2 0.890625 0.50390625 0.0515625 0.08125
0 0.85 0.1171875 0.0578125 0.0140625