0 0.11015625 0.1734375 0.0203125 0.00625
0 0.871875 0.18515625 0.0078125 0.028125
0 0.871875 0.79921875 0.0078125 0.028125
0 0.10390625 0.67265625 0.0078125 0.021875
1 0.6017741937500001 0.6305806453125 0.648709678125 0.66032258125 0.6818548390625 0.6261290328125 0.6366053625 0.5960925484375 0.6017741937500001 0.6305806453125
1 0.5966967734375 0.6990322578125 0.638126784375 0.72630245625 0.6775806453125 0.697290321875 0.6482258062499999 0.6649032265625 0.5966967734375 0.6990322578125
1 0.28125 0.4765625 0.0390625 0.0359375
1 0.2859375 0.340625 0.0390625 0.0359375
1 0.4203125 0.5265625 0.0453125 0.0421875
1 0.4234375 0.47734375 0.0390625 0.0359375
1 0.43515625 0.303125 0.05625 0.0390625
1 0.48203125 0.7 0.0671875 0.046875
8 0.871875 0.58828125 0.0078125 0.0734375
8 0.871875 0.45546875 0.0078125 0.075
8 0.696875 0.1734375 0.140625 0.00625
8 0.17890625 0.1734375 0.115625 0.00625
8 0.721875 0.81015625 0.059375 0.00625
8 0.7859375 0.81015625 0.059375 0.00625
8 0.10390625 0.4609375 0.0078125 0.0375
8 0.10390625 0.20546875 0.0078125 0.0390625
8 0.5109375 0.81015625 0.059375 0.00625
5 0.63828125 0.7703125 0.009375 0.059375
5 0.58125 0.5625 0.0078125 0.0765625
6 0.70078125 0.45625 0.334375 0.1125
5 0.38671875 0.6203125 0.0078125 0.10625
8 0.23515625 0.6796875 0.059375 0.00625
8 0.3 0.6796875 0.059375 0.00625
5 0.434375 0.23203125 0.125 0.00625
1 0.56953125 0.375 0.0703125 0.05