0 0.19921875 0.31796875 0.034375 0.02578125
0 0.190625 0.878125 0.0125 0.06796875
0 0.57421875 0.88046875 0.01171875 0.0640625
0 0.884375 0.87265625 0.01484375 0.053125
0 0.88359375 0.48125 0.0109375 0.06796875
0 0.5734375 0.4375 0.01328125 0.06484375
0 0.57421875 0.128125 0.01171875 0.071875
0 0.7953125 0.10625 0.034375 0.03125
1 0.378125 0.26953125 0.0421875 0.10546875
1 0.42734375 0.415625 0.04609375 0.0828125
1 0.6 0.4171875 0.0453125 0.09375
1 0.54921875 0.621875 0.04296875 0.090625
1 0.640625 0.6265625 0.04921875 0.0921875
1 0.76171875 0.515625 0.04453125 0.09609375
1 0.378125 0.52421875 0.05234375 0.10546875
8 0.321875 0.2265625 0.02578125 0.1328125
8 0.4875 0.1375 0.08515625 0.05
8 0.6890625 0.103125 0.0828125 0.04609375
8 0.1875 0.46640625 0.02421875 0.1625
8 0.18828125 0.7328125 0.025 0.15859375
8 0.29375 0.89765625 0.08359375 0.03515625
8 0.48828125 0.8984375 0.08671875 0.0328125
8 0.6640625 0.90234375 0.078125 0.0390625
8 0.81015625 0.9015625 0.08046875 0.0328125
8 0.884375 0.68359375 0.01796875 0.1625
8 0.80546875 0.23046875 0.0203125 0.15703125
8 0.36328125 0.1421875 0.0578125 0.0296875