0 0.3234375 0.13203125 0.021875 0.009375
0 0.6140625 0.13203125 0.015625 0.0078125
0 0.24140625 0.8125 0.009375 0.03125
0 0.84296875 0.92734375 0.025 0.0125
8 0.4015625 0.13203125 0.01875 0.009375
8 0.4453125 0.13203125 0.01875 0.0078125
8 0.48828125 0.13203125 0.01875 0.0078125
8 0.53203125 0.13203125 0.01875 0.0078125
8 0.31640625 0.2765625 0.00625 0.03125
8 0.24140625 0.4390625 0.009375 0.084375
8 0.24140625 0.56875 0.009375 0.03125
8 0.24140625 0.6234375 0.009375 0.03125
8 0.85234375 0.8578125 0.00625 0.034375
8 0.77421875 0.6328125 0.009375 0.034375
8 0.77421875 0.590625 0.009375 0.034375
8 0.73046875 0.44453125 0.01875 0.015625
8 0.63125 0.38125 0.01875 0.01875
1 0.3328125 0.33203125 0.040625 0.0578125
1 0.6046875 0.3953125 0.021875 0.0296875
1 0.68125 0.41171875 0.03125 0.04375
1 0.6828125 0.47109375 0.028125 0.0390625
1 0.70625 0.5125 0.028125 0.0390625
1 0.7640625 0.5140625 0.03125 0.04375
1 0.75078125 0.8515625 0.028125 0.0375
1 0.296875 0.6015625 0.028125 0.0375
1 0.33671875 0.6015625 0.028125 0.0375
1 0.32109375 0.68203125 0.021875 0.025
1 0.59765625 0.51953125 0.028125 0.0390625
1 0.59765625 0.62421875 0.028125 0.0375
1 0.6390625 0.62421875 0.028125 0.0390625
1 0.67734375 0.66171875 0.021875 0.025
1 0.70234375 0.63046875 0.028125 0.0375
5 0.29375 0.8125 0.09375 0.009375
5 0.6296875 0.78125 0.071875 0.00625
5 0.70234375 0.78125 0.06875 0.00625
5 0.40546875 0.64609375 0.1125 0.00625
5 0.528125 0.64609375 0.1125 0.00625