0 0.1828125 0.2296875 0.02890625 0.05546875
0 0.4296875 0.22890625 0.02890625 0.05390625
0 0.80390625 0.23046875 0.028125 0.05390625
0 0.8046875 0.646875 0.028125 0.0515625
0 0.596875 0.5125 0.03125 0.05625
0 0.59765625 0.83046875 0.02578125 0.053125
0 0.18203125 0.83203125 0.028125 0.05390625
1 0.215625 0.45859375 0.075 0.071875
1 0.3515625 0.3796875 0.08984375 0.08046875
1 0.446875 0.4453125 0.0796875 0.0796875
1 0.63125 0.61484375 0.084375 0.0671875
1 0.55234375 0.68203125 0.06875 0.07578125
1 0.390625 0.68125 0.065625 0.07421875
1 0.303125 0.5734375 0.0625 0.07109375
1 0.22421875 0.63984375 0.0609375 0.0734375
8 0.30390625 0.22109375 0.08515625 0.0484375
8 0.50859375 0.221875 0.08515625 0.046875
8 0.4765625 0.84296875 0.08828125 0.04453125
8 0.178125 0.7546875 0.0390625 0.10078125
6 0.50625 0.5203125 0.1515625 0.05859375