1 0.3703125 0.596875 0.084375 0.009375
1 0.56484375 0.528125 0.0734375 0.0109375
1 0.52578125 0.559375 0.0109375 0.04921875
1 0.5640625 0.4328125 0.07421875 0.0109375
1 0.603125 0.4640625 0.01171875 0.059375
8 0.83203125 0.61640625 0.015625 0.115625
8 0.83203125 0.48125 0.015625 0.0796875
8 0.83203125 0.34453125 0.015625 0.115625
8 0.7046875 0.23125 0.08046875 0.021875
8 0.303125 0.27578125 0.10078125 0.0125
1 0.4921875 0.4546875 0.06328125 0.0109375
7 0.471875 0.321875 0.0515625 0.0109375
7 0.471875 0.66015625 0.0515625 0.0109375
0 0.2375 0.30859375 0.0421875 0.2046875
0 0.5921875 0.23125 0.15078125 0.0234375
0 0.790625 0.25546875 0.09765625 0.071875
0 0.228125 0.58046875 0.05859375 0.04453125
0 0.678125 0.73125 0.32265625 0.02265625
0 0.8265625 0.70703125 0.02734375 0.07109375