0 0.17890625 0.9296875 0.0140625 0.0453125
0 0.17890625 0.53828125 0.0140625 0.04375
0 0.1890625 0.04765625 0.0359375 0.01875
0 0.796875 0.04765625 0.0359375 0.01875
0 0.796875 0.5703125 0.034375 0.01875
0 0.5484375 0.9296875 0.0140625 0.0453125
8 0.26015625 0.94609375 0.04375 0.015625
8 0.17890625 0.58203125 0.0171875 0.040625
8 0.1828125 0.434375 0.0265625 0.08125
8 0.1828125 0.1609375 0.025 0.08125
8 0.37578125 0.04765625 0.1609375 0.021875
8 0.67265625 0.04765625 0.0859375 0.021875
8 0.803125 0.30546875 0.025 0.0484375
8 0.80390625 0.4578125 0.025 0.08125
8 0.57890625 0.5703125 0.03125 0.01875
8 0.5484375 0.60625 0.015625 0.046875
1 0.5390625 0.675 0.0359375 0.0515625
1 0.56875 0.45625 0.053125 0.0609375
1 0.5234375 0.453125 0.034375 0.05
1 0.609375 0.39140625 0.034375 0.05
1 0.61015625 0.3046875 0.034375 0.0484375
1 0.565625 0.25 0.0546875 0.059375
1 0.52265625 0.3109375 0.034375 0.05
1 0.190625 0.309375 0.040625 0.059375
1 0.26796875 0.5453125 0.05625 0.0625