0 0.6140625 0.9484375 0.0171875 0.0421875
0 0.196875 0.959375 0.0375 0.021875
0 0.41953125 0.290625 0.0171875 0.0375
0 0.7671875 0.09453125 0.0171875 0.040625
8 0.7671875 0.44140625 0.0171875 0.0375
8 0.77109375 0.65078125 0.009375 0.0375
8 0.6921875 0.79296875 0.1171875 0.0140625
8 0.51875 0.959375 0.0625 0.021875
8 0.4125 0.959375 0.034375 0.021875
8 0.61015625 0.08203125 0.134375 0.0171875
8 0.18671875 0.86640625 0.01875 0.0703125
8 0.18671875 0.678125 0.01875 0.0703125
8 0.42421875 0.584375 0.046875 0.0203125
8 0.4671875 0.55859375 0.0171875 0.028125
8 0.41953125 0.3765625 0.0171875 0.0703125
1 0.4828125 0.809375 0.0421875 0.0296875
1 0.3953125 0.809375 0.0421875 0.0296875
1 0.35 0.809375 0.04375 0.03125
1 0.3828125 0.734375 0.0421875 0.0296875
1 0.615625 0.5390625 0.053125 0.046875
1 0.66640625 0.48203125 0.053125 0.05
1 0.52578125 0.53046875 0.0421875 0.0296875
1 0.4859375 0.5046875 0.05625 0.05
1 0.48046875 0.2953125 0.0421875 0.0296875
5 0.5140625 0.1890625 0.0171875 0.153125