0 0.215625 0.19375 0.040625 0.015625
0 0.8609375 0.19765625 0.040625 0.0234375
0 0.8609375 0.7421875 0.040625 0.0234375
0 0.49609375 0.89609375 0.040625 0.0234375
0 0.21328125 0.89609375 0.0390625 0.0234375
8 0.20078125 0.296875 0.0109375 0.1703125
8 0.41328125 0.19375 0.0265625 0.0140625
8 0.50546875 0.19765625 0.0265625 0.021875
8 0.58203125 0.19765625 0.0265625 0.021875
8 0.67421875 0.19765625 0.0265625 0.021875
8 0.87265625 0.3609375 0.015625 0.084375
8 0.8734375 0.5796875 0.015625 0.0953125
8 0.5078125 0.8171875 0.0171875 0.1171875
8 0.20390625 0.734375 0.0203125 0.0828125
1 0.271875 0.5453125 0.065625 0.053125
1 0.47890625 0.4875 0.040625 0.046875
1 0.6078125 0.484375 0.0328125 0.0390625
1 0.715625 0.484375 0.03125 0.040625
1 0.75625 0.43828125 0.0421875 0.0421875
1 0.43203125 0.38359375 0.0328125 0.0515625
1 0.4828125 0.38515625 0.0390625 0.046875
1 0.5875 0.3890625 0.034375 0.040625
1 0.71484375 0.384375 0.040625 0.046875
1 0.6296875 0.7203125 0.0390625 0.0640625
2 0.7421875 0.72421875 0.0640625 0.0578125
2 0.4359375 0.87890625 0.065625 0.0578125
2 0.27421875 0.878125 0.0640625 0.0578125
1 0.53828125 0.7203125 0.0390625 0.0640625