0 0.7796875 0.0515625 0.0171875 0.0125
0 0.7796875 0.31328125 0.0171875 0.0125
0 0.6859375 0.7703125 0.0171875 0.0125
0 0.1671875 0.7703125 0.0171875 0.0125
0 0.1640625 0.63359375 0.0109375 0.0234375
0 0.16796875 0.49609375 0.01875 0.0125
0 0.33203125 0.396875 0.0171875 0.0125
0 0.33203125 0.5625 0.0171875 0.0125
0 0.38359375 0.634375 0.0109375 0.021875
0 0.6328125 0.0515625 0.01875 0.0125
0 0.6296875 0.30859375 0.0109375 0.021875
0 0.621875 0.396875 0.0171875 0.0125
0 0.49296875 0.51171875 0.0171875 0.0125
0 0.49296875 0.56328125 0.0171875 0.0125
8 0.75 0.31328125 0.034375 0.015625
8 0.68125 0.35390625 0.0109375 0.0453125
8 0.68125 0.51953125 0.0109375 0.04375
8 0.6921875 0.61484375 0.0078125 0.04375
8 0.6921875 0.7203125 0.0078125 0.04375
8 0.23125 0.77109375 0.034375 0.0140625
8 0.18984375 0.77109375 0.03125 0.015625
6 0.55625 0.54140625 0.15 0.059375