0 0.80625 0.26875 0.028125 0.0125
0 0.76171875 0.725 0.028125 0.0125
0 0.5484375 0.725 0.028125 0.0125
0 0.38203125 0.725 0.028125 0.0125
0 0.09453125 0.725 0.028125 0.0125
0 0.09453125 0.26875 0.028125 0.0125
0 0.38203125 0.26875 0.028125 0.0125
0 0.5484375 0.26875 0.028125 0.0125
1 0.290625 0.30546875 0.046875 0.065625
1 0.35859375 0.67734375 0.059375 0.0796875
1 0.53984375 0.67734375 0.0578125 0.0796875
1 0.67265625 0.45625 0.040625 0.04375
6 0.17734375 0.40390625 0.1734375 0.2671875
6 0.3859375 0.51484375 0.10625 0.2375