0 0.84765625 0.7890625 0.009375 0.025
0 0.84375 0.47109375 0.01875 0.0125
0 0.84375 0.27109375 0.01875 0.0125
0 0.6 0.19765625 0.009375 0.0234375
0 0.60625 0.2703125 0.01875 0.0125
0 0.65390625 0.3734375 0.0109375 0.0234375
0 0.65546875 0.78828125 0.009375 0.0234375
0 0.521875 0.7875 0.0109375 0.021875
0 0.453125 0.3734375 0.0109375 0.0234375
0 0.34453125 0.19765625 0.0109375 0.0234375
0 0.340625 0.25078125 0.01875 0.0125
0 0.12265625 0.2515625 0.01875 0.0125
0 0.29140625 0.496875 0.009375 0.021875
0 0.12265625 0.79296875 0.01875 0.0125
1 0.3359375 0.596875 0.05 0.05625
1 0.42421875 0.5671875 0.053125 0.059375
1 0.309375 0.44921875 0.053125 0.075
1 0.5515625 0.55546875 0.0484375 0.071875
1 0.51484375 0.45234375 0.05 0.06875
1 0.5765625 0.31953125 0.0625 0.090625
5 0.1453125 0.40390625 0.0515625 0.0140625
5 0.26015625 0.4046875 0.0453125 0.0125
8 0.5125 0.4921875 0.0359375 0.01875
8 0.6 0.596875 0.103125 0.01875
6 0.421875 0.29140625 0.15625 0.196875