0 0.178125 0.32890625 0.01328125 0.02265625
0 0.178125 0.68125 0.01328125 0.021875
0 0.29296875 0.78203125 0.01328125 0.021875
0 0.41171875 0.78203125 0.01328125 0.021875
0 0.45703125 0.8203125 0.0125 0.021875
0 0.8234375 0.81953125 0.01328125 0.021875
0 0.8234375 0.47890625 0.01328125 0.02265625
0 0.4953125 0.4765625 0.01328125 0.02265625
0 0.43828125 0.51484375 0.0078125 0.01953125
0 0.30859375 0.51484375 0.00703125 0.01953125
0 0.31171875 0.2359375 0.01328125 0.021875
0 0.49375 0.2359375 0.01328125 0.021875
8 0.44765625 0.23125 0.0171875 0.0125
8 0.49609375 0.31171875 0.00703125 0.12265625
8 0.49453125 0.45 0.0109375 0.03046875
8 0.5109375 0.478125 0.01796875 0.01953125
8 0.603125 0.478125 0.025 0.01953125
8 0.825 0.5453125 0.0109375 0.0640625
8 0.75625 0.825 0.0546875 0.0125
8 0.5671875 0.825 0.0546875 0.0125
8 0.35234375 0.78359375 0.03828125 0.01953125
2 0.190625 0.4265625 0.03828125 0.065625
2 0.190625 0.58359375 0.03828125 0.06640625
2 0.23671875 0.67109375 0.040625 0.04296875
2 0.3953125 0.56328125 0.03203125 0.06640625
1 0.3125 0.7203125 0.05078125 0.04765625
1 0.434375 0.71484375 0.034375 0.0546875
1 0.6484375 0.671875 0.03671875 0.04609375
1 0.68671875 0.62734375 0.04140625 0.04453125
1 0.6484375 0.5828125 0.03671875 0.046875
1 0.5453125 0.5828125 0.03828125 0.046875
1 0.45625 0.54765625 0.03671875 0.0453125
1 0.42265625 0.5078125 0.0234375 0.04453125
1 0.39296875 0.62578125 0.0375 0.04140625