1 0.45 0.45 0.05625 0.05
1 0.45 0.39375 0.05625 0.05
0 0.66484375 0.76875 0.0609375 0.0125
1 0.665625 0.7390625 0.059375 0.046875
1 0.72265625 0.565625 0.059375 0.0421875
1 0.65703125 0.38203125 0.059375 0.0421875
1 0.575 0.48984375 0.04375 0.0375
1 0.45625 0.2578125 0.04375 0.040625
1 0.5796875 0.3375 0.053125 0.0484375
0 0.14609375 0.76875 0.084375 0.0125
0 0.11015625 0.203125 0.065625 0.0125
0 0.94453125 0.21640625 0.01875 0.0390625
0 0.94453125 0.6921875 0.01875 0.040625
5 0.1828125 0.675 0.0109375 0.1546875
8 0.1796875 0.503125 0.01875 0.09375
8 0.090625 0.30390625 0.01875 0.125
8 0.553125 0.2328125 0.05 0.0125
8 0.7984375 0.203125 0.140625 0.0125
8 0.76328125 0.4203125 0.021875 0.03125
8 0.76328125 0.47578125 0.021875 0.03125
8 0.76328125 0.52578125 0.021875 0.025
8 0.86328125 0.54375 0.078125 0.0125