0 0.8703125 0.21875 0.0203125 0.046875
0 0.6078125 0.20625 0.04375 0.021875
0 0.253125 0.20625 0.0453125 0.021875
0 0.13203125 0.4453125 0.04375 0.021875
0 0.11953125 0.85 0.0203125 0.046875
0 0.57265625 0.8625 0.04375 0.021875
0 0.8703125 0.85 0.0203125 0.046875
0 0.85859375 0.4453125 0.04375 0.021875
0 0.57265625 0.4453125 0.04375 0.021875
8 0.8703125 0.7546875 0.0203125 0.1046875
8 0.8703125 0.55078125 0.0203125 0.1046875
8 0.8703125 0.32578125 0.0203125 0.103125
8 0.24140625 0.32578125 0.0203125 0.103125
8 0.11953125 0.725 0.0203125 0.103125
8 0.19765625 0.8625 0.096875 0.021875
8 0.4828125 0.8625 0.096875 0.0203125
1 0.58671875 0.54140625 0.071875 0.0625
1 0.52109375 0.6234375 0.059375 0.071875
1 0.14921875 0.546875 0.0796875 0.0625
1 0.48046875 0.33359375 0.059375 0.071875