0 0.43046875 0.965625 0.02734375 0.00546875
0 0.709375 0.965625 0.01796875 0.00546875
0 0.61484375 0.03046875 0.01796875 0.00625
0 0.425 0.03046875 0.0171875 0.00625
8 0.4796875 0.03046875 0.0296875 0.00625
8 0.51953125 0.03046875 0.0453125 0.00625
8 0.5609375 0.03046875 0.02890625 0.00625
8 0.353125 0.34375 0.02890625 0.00625
8 0.6703125 0.34375 0.04140625 0.00625
8 0.715625 0.39375 0.00546875 0.03671875
8 0.715625 0.51875 0.0046875 0.03671875
8 0.715625 0.79609375 0.0046875 0.0359375
8 0.59296875 0.965625 0.0359375 0.00546875
8 0.63046875 0.965625 0.0359375 0.00546875
8 0.4328125 0.53515625 0.01953125 0.00546875
8 0.275 0.5734375 0.0046875 0.03671875
8 0.325 0.39375 0.0046875 0.046875
8 0.325 0.44375 0.0046875 0.046875
6 0.5393749999999999 0.60828125 0.53869375 0.607890625 0.42318749999999994 0.6078125 0.42312500000000003 0.8008593749999999 0.4643125 0.8008593749999999 0.464375 0.671875 0.5393749999999999 0.6717187499999999 0.5393749999999999 0.60828125
2 0.6859375 0.82421875 0.0546875 0.00625
1 0.38247757187500003 0.49545802656250004 0.3604375 0.52140625 0.3832663953125 0.5501000031250001 0.40402309531249997 0.52839953125 0.38247757187500003 0.49545802656250004
1 0.4546875 0.52734375 0.02421875 0.0203125
1 0.4875 0.54765625 0.0296875 0.03203125
1 0.5625 0.48828125 0.0375 0.04140625
1 0.66953125 0.6 0.0328125 0.046875
1 0.63046875 0.65 0.03359375 0.03671875
1 0.66953125 0.6953125 0.0328125 0.046875
1 0.634375 0.7578125 0.0328125 0.03671875
1 0.67421875 0.77890625 0.02734375 0.03046875
1 0.66875 0.9359375 0.03125 0.04453125