0 0.07734375 0.60234375 0.0234375 0.0296875
0 0.91015625 0.6015625 0.021875 0.03125
8 0.909375 0.3 0.025 0.06875
0 0.91015625 0.13125 0.0265625 0.03125
1 0.75703125 0.41015625 0.065625 0.059375
1 0.7 0.3203125 0.05 0.034375
1 0.7 0.45625 0.05 0.0375
1 0.60703125 0.31953125 0.053125 0.0375
1 0.49921875 0.365625 0.065625 0.059375
1 0.49921875 0.31171875 0.053125 0.040625
8 0.49765625 0.1796875 0.04375 0.028125
8 0.43984375 0.18046875 0.05625 0.028125
1 0.278125 0.32734375 0.053125 0.0375
8 0.3171875 0.1296875 0.040625 0.028125
8 0.078125 0.2609375 0.025 0.06875
8 0.6109375 0.13046875 0.040625 0.028125
0 0.078125 0.13125 0.025 0.03125
1 0.35625 0.22265625 0.065625 0.059375
6 0.3921875 0.84453125 0.290625 0.0875
6 0.728125 0.6390625 0.346875 0.0859375
2 0.434375 0.78046875 0.084375 0.0328125
2 0.35 0.78046875 0.084375 0.0328125
2 0.8140625 0.578125 0.0875 0.034375
2 0.64140625 0.57734375 0.0875 0.0328125
2 0.18125 0.6 0.090625 0.0375