0 0.83984375 0.23828125 0.015625 0.034375
0 0.83359375 0.56953125 0.028125 0.0203125
0 0.83984375 0.78125 0.015625 0.0359375
0 0.278125 0.78125 0.015625 0.0359375
0 0.28515625 0.56953125 0.028125 0.0203125
0 0.49140625 0.5734375 0.028125 0.0203125
0 0.278125 0.23828125 0.015625 0.0359375
0 0.57734375 0.23125 0.028125 0.0203125
8 0.44765625 0.22890625 0.0953125 0.01875
8 0.278125 0.46953125 0.0171875 0.0921875
8 0.278125 0.70234375 0.01875 0.096875
8 0.6875 0.22890625 0.053125 0.0203125
8 0.746875 0.22890625 0.053125 0.021875
1 0.6625 0.475 0.065625 0.071875
1 0.80078125 0.46796875 0.0515625 0.05625
1 0.61328125 0.60078125 0.0359375 0.046875
1 0.8046875 0.25 0.0515625 0.0609375
1 0.55234375 0.76640625 0.0625 0.0671875
2 0.4828125 0.68515625 0.0515625 0.109375
2 0.6328125 0.6859375 0.040625 0.103125