1 0.37890625 0.11953125 0.05546875 0.0453125
1 0.42578125 0.153125 0.0421875 0.03359375
1 0.5609375 0.153125 0.04296875 0.03203125
1 0.51796875 0.2375 0.05 0.0375
1 0.4578125 0.275 0.0484375 0.04609375
1 0.51875 0.3765625 0.0515625 0.040625
1 0.39453125 0.37734375 0.05234375 0.040625
1 0.39453125 0.42421875 0.05234375 0.03984375
1 0.45 0.47734375 0.034375 0.03671875
1 0.45 0.52109375 0.04140625 0.04453125
1 0.58828125 0.721875 0.05546875 0.05546875
5 0.6640625 0.396875 0.0984375 0.00859375
8 0.134375 0.18203125 0.00859375 0.07578125
8 0.134375 0.3328125 0.00859375 0.07109375
8 0.134375 0.4703125 0.00859375 0.0640625
8 0.6046875 0.334375 0.0125 0.03125
8 0.80078125 0.396875 0.09921875 0.00859375
8 0.89296875 0.6171875 0.009375 0.07265625
8 0.77265625 0.85390625 0.08203125 0.00859375
8 0.5765625 0.1 0.0421875 0.00546875
0 0.89296875 0.84765625 0.009375 0.0203125