0 0.85390625 0.75859375 0.0125 0.0375
0 0.8484375 0.534375 0.0234375 0.0375
0 0.70859375 0.34609375 0.021875 0.0375
0 0.6046875 0.23359375 0.0234375 0.0375
0 0.1609375 0.23359375 0.0234375 0.0375
0 0.1609375 0.4875 0.0234375 0.0375
0 0.34140625 0.49609375 0.0265625 0.01875
0 0.6046875 0.7703125 0.034375 0.0125
0 0.34765625 0.75859375 0.0125 0.0375
1 0.675 0.75390625 0.034375 0.046875
1 0.746875 0.54609375 0.0421875 0.0609375
1 0.521875 0.59921875 0.0421875 0.0484375
1 0.521875 0.61953125 0.040625 0.053125
1 0.38203125 0.55546875 0.0421875 0.0484375
1 0.37265625 0.528125 0.0609375 0.04375
1 0.521875 0.46953125 0.0421875 0.0484375
1 0.56171875 0.51015625 0.0359375 0.034375
1 0.56171875 0.55078125 0.0359375 0.0359375
1 0.47421875 0.31953125 0.040625 0.0484375
1 0.5875 0.30625 0.059375 0.0453125
2 0.1734375 0.425 0.046875 0.059375
2 0.1734375 0.29453125 0.046875 0.059375
2 0.284375 0.23984375 0.065625 0.05
2 0.5359375 0.23984375 0.065625 0.05
2 0.44765625 0.47109375 0.078125 0.046875
2 0.69765625 0.39765625 0.04375 0.0609375
1 0.69765625 0.4984375 0.04375 0.03125