0 0.7734375 0.8359375 0.034375 0.015625
0 0.42890625 0.8296875 0.0203125 0.028125
0 0.21015625 0.8359375 0.0375 0.015625
0 0.21015625 0.25390625 0.0375 0.015625
0 0.4296875 0.2609375 0.0203125 0.028125
0 0.425 0.475 0.0203125 0.028125
0 0.7734375 0.25390625 0.0359375 0.015625
0 0.78046875 0.5640625 0.0203125 0.0296875
8 0.7828125 0.42890625 0.01875 0.096875
8 0.53359375 0.253125 0.0953125 0.0171875
8 0.2921875 0.253125 0.1 0.01875
8 0.7828125 0.678125 0.021875 0.0546875
8 0.7828125 0.73984375 0.021875 0.05625
1 0.52734375 0.65234375 0.0734375 0.0671875
1 0.534375 0.79609375 0.059375 0.053125
1 0.396875 0.6015625 0.0484375 0.0375
1 0.7609375 0.8 0.0625 0.053125
1 0.225 0.53828125 0.06875 0.0640625
2 0.309375 0.465625 0.1125 0.053125
2 0.309375 0.62109375 0.10625 0.040625