0 0.184375 0.1453125 0.0140625 0.025
0 0.20390625 0.1390625 0.025 0.0125
0 0.184375 0.43828125 0.0140625 0.0375
0 0.196875 0.84453125 0.0390625 0.0140625
0 0.4546875 0.84453125 0.0390625 0.0140625
0 0.71015625 0.84453125 0.0390625 0.0140625
0 0.721875 0.83125 0.0125 0.0125
0 0.721875 0.4859375 0.0125 0.0390625
0 0.71015625 0.13984375 0.0390625 0.0109375
0 0.52109375 0.13984375 0.0359375 0.0109375
8 0.28125 0.84453125 0.0921875 0.0140625
8 0.58046875 0.84453125 0.0828125 0.0140625
8 0.721875 0.75703125 0.0125 0.075
8 0.721875 0.58984375 0.0140625 0.0765625
8 0.721875 0.2453125 0.0125 0.075
8 0.31328125 0.13984375 0.0921875 0.0109375
8 0.184375 0.5453125 0.0140625 0.075
8 0.184375 0.7 0.0140625 0.075
1 0.378125 0.8171875 0.0578125 0.0703125
1 0.36796875 0.58046875 0.0578125 0.0578125
1 0.50078125 0.45625 0.0578125 0.05625
1 0.37421875 0.3359375 0.04375 0.0421875
1 0.2171875 0.33515625 0.0546875 0.0578125
1 0.4296875 0.28359375 0.05625 0.0671875