0 0.815625 0.23671875 0.021875 0.04375
0 0.815625 0.525 0.0203125 0.0421875
0 0.60625 0.69453125 0.0203125 0.0421875
0 0.4625 0.8125 0.0390625 0.015625
0 0.19296875 0.7984375 0.0171875 0.0421875
0 0.18984375 0.54765625 0.0109375 0.0421875
0 0.18984375 0.3328125 0.0109375 0.0421875
0 0.4578125 0.23671875 0.0203125 0.04375
8 0.26796875 0.3171875 0.11875 0.0125
8 0.36015625 0.3171875 0.0265625 0.0125
8 0.4578125 0.27890625 0.01875 0.028125
8 0.5953125 0.22265625 0.0375 0.015625
8 0.815625 0.3046875 0.0203125 0.0421875
8 0.815625 0.428125 0.0203125 0.0421875
8 0.60625 0.6296875 0.01875 0.04375
8 0.3296875 0.8125 0.1390625 0.0140625
8 0.1921875 0.69453125 0.0171875 0.0421875
8 0.18984375 0.428125 0.009375 0.028125
1 0.36953125 0.38203125 0.03125 0.0234375
1 0.365625 0.42421875 0.040625 0.0359375
1 0.41875 0.37734375 0.0375 0.0546875
1 0.48828125 0.34375 0.0390625 0.04375
1 0.603125 0.34375 0.0359375 0.04375
1 0.646875 0.34453125 0.040625 0.0453125
1 0.67890625 0.38046875 0.0265625 0.025
1 0.646875 0.41796875 0.0390625 0.0453125
1 0.64375 0.5171875 0.0375 0.05625
1 0.48046875 0.6375 0.0359375 0.0359375
2 0.425 0.55703125 0.0640625 0.04375
2 0.54453125 0.68984375 0.0640625 0.05
2 0.4640625 0.7640625 0.0375 0.0390625