0 0.15703125 0.1984375 0.0453125 0.0140625
0 0.88203125 0.196875 0.0453125 0.0109375
0 0.14375 0.759375 0.0203125 0.05
0 0.28828125 0.821875 0.015625 0.0515625
0 0.56875 0.82265625 0.0203125 0.05
0 0.89765625 0.41953125 0.0140625 0.0515625
8 0.14375 0.2859375 0.0203125 0.05
8 0.14375 0.4640625 0.0203125 0.05
8 0.365625 0.1984375 0.046875 0.0140625
8 0.4953125 0.1984375 0.053125 0.0140625
8 0.89765625 0.3171875 0.0140625 0.05
8 0.759375 0.43984375 0.2234375 0.0109375
8 0.56875 0.60546875 0.0203125 0.05
8 0.47421875 0.83828125 0.090625 0.01875
8 0.221875 0.77578125 0.1015625 0.0171875
1 0.34296875 0.30390625 0.0375 0.0453125
1 0.3796875 0.3453125 0.0296875 0.028125
1 0.30546875 0.34375 0.03125 0.0296875
1 0.30546875 0.40625 0.03125 0.028125
1 0.42578125 0.4078125 0.0390625 0.046875
1 0.4359375 0.4484375 0.03125 0.0296875
1 0.496875 0.50390625 0.05625 0.040625
1 0.603125 0.40859375 0.0390625 0.0296875
1 0.3421875 0.559375 0.0375 0.0453125
1 0.425 0.559375 0.0375 0.046875
1 0.42265625 0.65234375 0.0375 0.046875
2 0.15390625 0.65234375 0.040625 0.0453125
2 0.559375 0.7515625 0.0390625 0.0453125