0 0.203125 0.125 0.0328125 0.025
0 0.10078125 0.44140625 0.03125 0.0203125
0 0.10078125 0.8359375 0.03125 0.01875
0 0.4671875 0.8359375 0.034375 0.01875
0 0.9234375 0.8359375 0.03125 0.01875
0 0.9234375 0.31171875 0.0328125 0.01875
0 0.475 0.1609375 0.03125 0.025
8 0.1921875 0.203125 0.0125 0.0546875
8 0.1921875 0.38203125 0.0125 0.05625
8 0.1546875 0.4421875 0.05 0.0203125
8 0.34375 0.8359375 0.0796875 0.01875
8 0.50625 0.8359375 0.03125 0.01875
8 0.70625 0.8359375 0.034375 0.01875
8 0.84765625 0.8359375 0.034375 0.01875
8 0.9328125 0.71171875 0.0125 0.0515625
8 0.3265625 0.125 0.159375 0.025
8 0.71796875 0.16015625 0.071875 0.025
1 0.496875 0.26796875 0.046875 0.0609375
1 0.57109375 0.503125 0.053125 0.071875
1 0.2078125 0.49921875 0.053125 0.071875
1 0.3875 0.5859375 0.040625 0.071875
1 0.59296875 0.57890625 0.03125 0.059375
1 0.49375 0.5796875 0.0328125 0.059375
1 0.49375 0.7078125 0.03125 0.0609375
2 0.909375 0.5734375 0.059375 0.140625
2 0.725 0.3359375 0.0625 0.065625
2 0.11328125 0.63984375 0.05625 0.1328125
6 0.33203125 0.3921875 0.26875 0.075