0 0.66484375 0.909375 0.0125 0.009375
0 0.6828125 0.79375 0.0140625 0.0109375
0 0.6828125 0.54375 0.0140625 0.009375
0 0.3046875 0.1765625 0.0140625 0.0125
0 0.38046875 0.1765625 0.0125 0.0125
0 0.48515625 0.1765625 0.0140625 0.0125
0 0.4890625 0.54453125 0.0140625 0.009375
0 0.3046875 0.5453125 0.0140625 0.00625
0 0.3046875 0.72265625 0.0140625 0.009375
0 0.48515625 0.6296875 0.0140625 0.009375
0 0.4890625 0.9015625 0.00625 0.025
8 0.58359375 0.91015625 0.015625 0.0125
8 0.50390625 0.91015625 0.015625 0.0125
8 0.43515625 0.62109375 0.034375 0.0328125
8 0.3625 0.721875 0.0171875 0.0125
8 0.3 0.68359375 0.0078125 0.05625
8 0.3 0.25546875 0.00625 0.0625
8 0.4234375 0.1765625 0.0296875 0.015625
8 0.66875 0.85703125 0.00625 0.0328125
1 0.6234375 0.840625 0.0125 0.028125
1 0.62265625 0.77734375 0.01875 0.046875
1 0.5953125 0.7828125 0.0125 0.034375
1 0.57109375 0.77734375 0.01875 0.046875
1 0.5671875 0.85078125 0.015625 0.0359375
2 0.4984375 0.815625 0.025 0.06875
2 0.6953125 0.68125 0.025 0.06875
1 0.57734375 0.6703125 0.021875 0.0375
1 0.57734375 0.5875 0.021875 0.0375
2 0.534375 0.559375 0.0375 0.04375
2 0.4984375 0.4734375 0.0265625 0.078125
2 0.4984375 0.36953125 0.028125 0.0796875
1 0.478125 0.21328125 0.03125 0.053125
2 0.31015625 0.47265625 0.028125 0.08125
2 0.309375 0.371875 0.028125 0.0796875
2 0.37265625 0.5875 0.025 0.071875
2 0.30859375 0.59453125 0.025 0.0703125
6 0.52890625 0.675 0.0734375 0.0875
6 0.4546875 0.27265625 0.0625 0.04375
5 0.5453125 0.85 0.0078125 0.0875