1 0.33515625 0.6234375 0.04375 0.0640625
1 0.29375 0.52734375 0.0546875 0.0875
1 0.29375 0.43125 0.0546875 0.084375
1 0.375 0.3296875 0.0359375 0.075
1 0.59609375 0.346875 0.0640625 0.1
1 0.6640625 0.4625 0.065625 0.109375
1 0.6 0.57109375 0.05625 0.1125
0 0.1703125 0.12890625 0.0078125 0.05
0 0.18203125 0.11015625 0.015625 0.015625
0 0.39609375 0.12890625 0.0078125 0.05
0 0.6921875 0.12734375 0.0078125 0.05
0 0.6921875 0.38359375 0.009375 0.0484375
0 0.56796875 0.53984375 0.0078125 0.05
0 0.79375 0.540625 0.0078125 0.05
0 0.7859375 0.903125 0.025 0.015625
0 0.79375 0.878125 0.0078125 0.0375
0 0.56796875 0.88515625 0.0078125 0.05
0 0.39609375 0.46015625 0.0078125 0.05
0 0.1703125 0.46015625 0.009375 0.05
0 0.1703125 0.88515625 0.009375 0.05
0 0.39609375 0.88515625 0.0078125 0.05
8 0.6921875 0.25625 0.0078125 0.165625
8 0.48203125 0.11015625 0.09375 0.015625
8 0.2453125 0.11015625 0.09375 0.015625
8 0.359375 0.11015625 0.04375 0.015625
8 0.1703125 0.29453125 0.009375 0.25
8 0.1703125 0.690625 0.0078125 0.25
8 0.2453125 0.903125 0.09375 0.015625
8 0.359375 0.903125 0.04375 0.0140625
8 0.48203125 0.86640625 0.0953125 0.015625
8 0.6875 0.903125 0.140625 0.0140625
8 0.79375 0.7125 0.0078125 0.25