0 0.1640625 0.0640625 0.05703125 0.02890625
0 0.15546875 0.91640625 0.0390625 0.0296875
0 0.840625 0.91640625 0.05 0.0296875
0 0.846875 0.05859375 0.0375 0.01640625
8 0.1453125 0.1484375 0.01875 0.05703125
8 0.1453125 0.3328125 0.01875 0.05703125
8 0.1453125 0.65234375 0.01875 0.1265625
8 0.2546875 0.91640625 0.08125 0.0296875
8 0.57265625 0.91640625 0.08125 0.0296875
8 0.7640625 0.91640625 0.08125 0.0296875
8 0.85625 0.221875 0.01796875 0.1265625
8 0.85625 0.553125 0.01796875 0.1265625
8 0.85625 0.77265625 0.01796875 0.1265625
8 0.378125 0.06484375 0.08125 0.02890625
8 0.5328125 0.06484375 0.0359375 0.02890625
8 0.62890625 0.0640625 0.0359375 0.02890625
8 0.7625 0.05859375 0.08046875 0.01640625
1 0.26171875 0.13984375 0.05546875 0.0796875
1 0.26640625 0.284375 0.04609375 0.06328125
1 0.35703125 0.46171875 0.05546875 0.07890625
1 0.49609375 0.34921875 0.05625 0.0796875
1 0.5640625 0.265625 0.04375 0.04921875
1 0.6328125 0.2671875 0.04140625 0.04453125
1 0.684375 0.3484375 0.05625 0.07890625
2 0.4421875 0.909375 0.0609375 0.04453125