0 0.9234375 0.37421875 0.04140625 0.01640625
0 0.934375 0.77421875 0.0203125 0.03671875
0 0.29296875 0.56015625 0.03515625 0.01640625
0 0.1046875 0.228125 0.03984375 0.01640625
8 0.4375 0.22734375 0.0359375 0.01640625
8 0.63828125 0.22421875 0.0359375 0.00859375
8 0.775 0.29921875 0.01328125 0.1125
8 0.934375 0.465625 0.0203125 0.0609375
8 0.934375 0.5671875 0.0203125 0.0328125
8 0.09296875 0.378125 0.01640625 0.128125
8 0.8453125 0.78359375 0.0671875 0.0171875
8 0.6640625 0.78359375 0.0671875 0.0171875
8 0.575 0.55625 0.01953125 0.04453125
8 0.55 0.51484375 0.0265625 0.01640625
8 0.37578125 0.5609375 0.0671875 0.01640625
1 0.790625 0.5 0.028125 0.040625
1 0.790625 0.58359375 0.02890625 0.040625
1 0.790625 0.62734375 0.02890625 0.040625
1 0.71796875 0.59609375 0.02890625 0.040625
1 0.53125 0.37265625 0.0453125 0.05
1 0.4765625 0.32421875 0.046875 0.05078125
1 0.5234375 0.45859375 0.02890625 0.040625
1 0.4984375 0.496875 0.0484375 0.053125
1 0.29765625 0.50234375 0.02890625 0.040625
5 0.19609375 0.46953125 0.146875 0.01640625