1 0.5390625 0.44453125 0.04921875 0.053125
1 0.59296875 0.44453125 0.04921875 0.053125
0 0.23125 0.65234375 0.01171875 0.05859375
1 0.26015625 0.65234375 0.0453125 0.0578125
1 0.42734375 0.7078125 0.04140625 0.0578125
1 0.6046875 0.64453125 0.040625 0.0578125
1 0.5 0.56484375 0.0359375 0.04140625
1 0.72421875 0.45078125 0.03828125 0.0421875
1 0.64765625 0.5703125 0.04609375 0.05078125
0 0.23125 0.1515625 0.01171875 0.08203125
0 0.7765625 0.1171875 0.0109375 0.0640625
0 0.7640625 0.921875 0.0375 0.0171875
0 0.30546875 0.921875 0.03984375 0.0171875
5 0.321875 0.1875 0.14921875 0.0109375
8 0.4875 0.184375 0.08984375 0.01796875
8 0.6796875 0.0984375 0.11953125 0.0171875
8 0.7484375 0.54375 0.01171875 0.04765625
8 0.7765625 0.78046875 0.0109375 0.1359375
8 0.5671875 0.746875 0.03046875 0.02109375
8 0.5140625 0.746875 0.03046875 0.02109375
8 0.465625 0.746875 0.025 0.02109375
8 0.4484375 0.84296875 0.0109375 0.075