0 0.20390625 0.91796875 0.01875 0.00625
0 0.19765625 0.0765625 0.00625 0.0296875
0 0.8265625 0.028125 0.00625 0.028125
0 0.81875 0.56015625 0.0234375 0.00625
8 0.19609375 0.81796875 0.00625 0.0796875
8 0.196875 0.63671875 0.00625 0.08125
8 0.19765625 0.4734375 0.00625 0.0796875
8 0.72578125 0.01640625 0.08125 0.00625
8 0.8265625 0.3 0.00625 0.08125
8 0.75 0.56015625 0.08125 0.00625
8 0.6359375 0.56015625 0.08125 0.00625
8 0.58828125 0.63671875 0.00625 0.034375
8 0.5609375 0.915625 0.034375 0.0109375
5 0.39296875 0.653125 0.00625 0.0625
5 0.54453125 0.6625 0.08125 0.00625
1 0.39453125 0.896875 0.0453125 0.05
1 0.434375 0.8546875 0.0265625 0.0375
1 0.546875 0.85234375 0.0296875 0.040625
1 0.5109375 0.75234375 0.0296875 0.040625
1 0.46484375 0.703125 0.04375 0.046875
1 0.4171875 0.58125 0.034375 0.0453125
1 0.4171875 0.5296875 0.034375 0.0453125
2 0.4578125 0.43671875 0.04375 0.0953125
5 0.39296875 0.453125 0.0046875 0.0796875
1 0.51171875 0.5890625 0.03125 0.0453125
1 0.57578125 0.16875 0.0515625 0.05625