0 0.234375 0.77265625 0.01875 0.071875
0 0.83671875 0.771875 0.021875 0.06875
0 0.5359375 0.7890625 0.046875 0.0359375
0 0.23515625 0.13671875 0.0203125 0.06875
0 0.77265625 0.234375 0.01875 0.0515625
1 0.41640625 0.6 0.0625 0.103125
1 0.33515625 0.66171875 0.065625 0.0984375
1 0.4546875 0.18359375 0.0671875 0.096875
8 0.83671875 0.62421875 0.01875 0.103125
8 0.7734375 0.37734375 0.021875 0.1
8 0.58984375 0.225 0.059375 0.0375
8 0.66640625 0.225 0.0625 0.040625
8 0.2328125 0.5484375 0.025 0.10625
8 0.2328125 0.25859375 0.025 0.1109375