0 0.1328125 0.11875 0.0578125 0.025
8 0.26953125 0.11875 0.171875 0.0265625
8 0.2625 0.546875 0.0375 0.0375
8 0.4484375 0.809375 0.078125 0.0328125
8 0.6296875 0.8078125 0.08125 0.03125
8 0.825 0.36015625 0.078125 0.03125
0 0.2703125 0.809375 0.0578125 0.028125
0 0.896875 0.80859375 0.059375 0.034375
0 0.8984375 0.36015625 0.059375 0.034375
2 0.88828125 0.4640625 0.078125 0.090625
2 0.88984375 0.684375 0.0765625 0.0828125
1 0.63359375 0.38671875 0.071875 0.084375
1 0.46875 0.5921875 0.05 0.053125
1 0.409375 0.55078125 0.05 0.04375
1 0.4046875 0.48203125 0.0515625 0.05
1 0.54453125 0.48046875 0.046875 0.05
6 0.50859375 0.415625 0.15625 0.1