0 0.19140625 0.68203125 0.0359375 0.025
0 0.1828125 0.1125 0.0125 0.06875
0 0.571875 0.11015625 0.0125 0.065625
0 0.88671875 0.11875 0.015625 0.053125
0 0.8859375 0.515625 0.0109375 0.06875
0 0.57109375 0.56015625 0.0125 0.065625
0 0.571875 0.875 0.0125 0.071875
0 0.79609375 0.896875 0.034375 0.03125
1 0.37265625 0.73046875 0.04375 0.1078125
1 0.42265625 0.5828125 0.046875 0.084375
1 0.5984375 0.58125 0.046875 0.0953125
1 0.54609375 0.3734375 0.04375 0.0921875
1 0.6390625 0.36875 0.05 0.09375
1 0.7625 0.48046875 0.0453125 0.096875
1 0.37265625 0.471875 0.053125 0.1078125
8 0.315625 0.775 0.0265625 0.134375
8 0.48359375 0.86484375 0.0875 0.05
8 0.6890625 0.9 0.084375 0.046875
8 0.17890625 0.53125 0.025 0.165625
8 0.1796875 0.26015625 0.025 0.1609375
8 0.28671875 0.09296875 0.084375 0.0359375
8 0.48515625 0.09140625 0.0875 0.0328125
8 0.66328125 0.08828125 0.078125 0.040625
8 0.81171875 0.0890625 0.0828125 0.0328125
8 0.88671875 0.3109375 0.01875 0.165625
8 0.80703125 0.77109375 0.021875 0.159375
8 0.3578125 0.86015625 0.059375 0.03125