0 0.24453125 0.87421875 0.03125 0.021875
0 0.465625 0.87421875 0.03125 0.021875
0 0.7609375 0.87421875 0.03125 0.021875
0 0.14765625 0.69140625 0.0390625 0.015625
0 0.14765625 0.4453125 0.0390625 0.015625
0 0.7671875 0.56015625 0.03125 0.021875
0 0.9625 0.55625 0.0296875 0.021875
0 0.9625 0.28515625 0.0296875 0.021875
0 0.79375 0.16171875 0.03125 0.021875
0 0.4390625 0.16171875 0.0296875 0.021875
0 0.24609375 0.16171875 0.03125 0.021875
2 0.7484375 0.79921875 0.0546875 0.06875
2 0.7484375 0.65078125 0.05625 0.06875
2 0.8734375 0.5375 0.0765625 0.059375
2 0.95 0.50234375 0.053125 0.06875
2 0.95 0.359375 0.0546875 0.06875
2 0.88125 0.3 0.0625 0.053125
2 0.78125 0.215625 0.053125 0.0703125
2 0.68203125 0.18046875 0.0765625 0.059375
2 0.33984375 0.85859375 0.0625 0.053125
1 0.4109375 0.7640625 0.046875 0.05625
1 0.39921875 0.715625 0.0421875 0.04375
1 0.50703125 0.76328125 0.053125 0.0546875
1 0.55546875 0.71640625 0.0453125 0.04375
1 0.55546875 0.6703125 0.0453125 0.04375
1 0.50703125 0.57890625 0.053125 0.059375
1 0.4046875 0.475 0.0515625 0.065625
1 0.40625 0.39609375 0.0484375 0.05625
1 0.359375 0.34765625 0.046875 0.04375
1 0.40625 0.3 0.046875 0.05625
1 0.503125 0.2359375 0.0578125 0.0796875
2 0.34453125 0.1765625 0.0625 0.0515625
8 0.24140625 0.7140625 0.0234375 0.028125
8 0.13671875 0.56875 0.015625 0.184375
8 0.24296875 0.4234375 0.0234375 0.028125
8 0.24296875 0.35546875 0.0234375 0.028125
8 0.5046875 0.87578125 0.040625 0.01875