0 0.8421875 0.10546875 0.01171875 0.025
0 0.8421875 0.3703125 0.01171875 0.02578125
0 0.84140625 0.7078125 0.01171875 0.025
0 0.8421875 0.93515625 0.01171875 0.02578125
0 0.56015625 0.93515625 0.01171875 0.02578125
0 0.27734375 0.93515625 0.0125 0.025
0 0.56015625 0.7234375 0.01171875 0.025
0 0.08671875 0.7078125 0.01171875 0.025
0 0.08671875 0.36875 0.01171875 0.025
0 0.0859375 0.11953125 0.01171875 0.02578125
0 0.5234375 0.1046875 0.01171875 0.025
0 0.5671875 0.36875 0.01171875 0.025
0 0.56796875 0.58359375 0.01171875 0.025
8 0.65 0.065625 0.06953125 0.01171875
8 0.71484375 0.06484375 0.06875 0.0140625
8 0.8421875 0.1671875 0.01484375 0.05546875
8 0.8421875 0.21875 0.01796875 0.05546875
8 0.24453125 0.11171875 0.06953125 0.01328125
8 0.31015625 0.1125 0.06875 0.015625
8 0.0859375 0.2390625 0.015625 0.05703125
8 0.0859375 0.29140625 0.01953125 0.05625
8 0.08671875 0.5359375 0.01640625 0.05625
8 0.08671875 0.58828125 0.0203125 0.05703125
8 0.278125 0.80390625 0.01796875 0.05625
8 0.278125 0.85625 0.02265625 0.05625
8 0.3859375 0.94296875 0.0703125 0.01171875
8 0.45078125 0.94296875 0.0703125 0.01328125
8 0.66796875 0.94296875 0.06953125 0.01328125
8 0.73359375 0.94375 0.06953125 0.0171875
8 0.8421875 0.80390625 0.0171875 0.05703125
8 0.84140625 0.85703125 0.02109375 0.05625
1 0.6453125 0.6046875 0.05 0.034375
1 0.5296875 0.72578125 0.04453125 0.034375
1 0.5890625 0.72578125 0.0453125 0.034375