0 0.79375 0.19765625 0.00703125 0.04921875
0 0.79375 0.6953125 0.00703125 0.05078125
0 0.20546875 0.82421875 0.02578125 0.0140625
0 0.20546875 0.5453125 0.0265625 0.0140625
0 0.1953125 0.19765625 0.0078125 0.05078125
0 0.4484375 0.80625 0.00703125 0.04921875
0 0.62890625 0.6953125 0.0078125 0.05
0 0.40625 0.4890625 0.02578125 0.01328125
0 0.396875 0.19765625 0.0078125 0.05
0 0.62890625 0.19765625 0.0078125 0.05
8 0.29765625 0.1796875 0.12734375 0.0140625
8 0.471875 0.1796875 0.08515625 0.0140625
8 0.59375 0.1796875 0.0390625 0.0125
8 0.7109375 0.1796875 0.08515625 0.01328125
8 0.72265625 0.7140625 0.08515625 0.0140625
8 0.4 0.82421875 0.0390625 0.01328125
1 0.33046875 0.58203125 0.03828125 0.0875
1 0.378125 0.54765625 0.04453125 0.0734375
1 0.4265625 0.62734375 0.03828125 0.0859375
1 0.503125 0.4515625 0.03828125 0.08671875
1 0.57890625 0.3625 0.03828125 0.08671875
1 0.64765625 0.4828125 0.04453125 0.0734375
2 0.5390625 0.6765625 0.0765625 0.0875
8 0.1953125 0.740625 0.00703125 0.07265625
8 0.1953125 0.5953125 0.00703125 0.0734375