0 0.14765625 0.2234375 0.0171875 0.0078125
0 0.14140625 0.93671875 0.0046875 0.0171875
0 0.8515625 0.82265625 0.0046875 0.0171875
0 0.84453125 0.07734375 0.01875 0.0078125
8 0.8515625 0.21328125 0.0046875 0.096875
8 0.8515625 0.4421875 0.0046875 0.0953125
8 0.8515625 0.7 0.0046875 0.096875
8 0.77578125 0.82890625 0.0625 0.00546875
8 0.5328125 0.9046875 0.02578125 0.00546875
8 0.39765625 0.9421875 0.0625 0.00546875
8 0.3015625 0.9421875 0.03125 0.00546875
8 0.20546875 0.9421875 0.06171875 0.00546875
1 0.61015625 0.23828125 0.0328125 0.03671875
1 0.5734375 0.5359375 0.034375 0.0484375
1 0.275 0.6625 0.03828125 0.053125
1 0.371875 0.6359375 0.03515625 0.0390625
1 0.3125 0.71640625 0.0328125 0.03671875
1 0.35625 0.7171875 0.03359375 0.03671875
1 0.496875 0.66015625 0.0359375 0.046875
6 0.5125 0.8046875 0.1 0.19609375
1 0.48515625 0.88515625 0.03984375 0.04453125
6 0.7011875 0.8228125000000001 0.6206875000000001 0.82265625 0.6202486546875 0.617890625 0.5701236546875 0.618046875 0.5702486546875 0.9021265625 0.7011875 0.90234375 0.7011875 0.8228125000000001
1 0.678125 0.8859375 0.03984375 0.04375
5 0.4203125 0.746875 0.07734375 0.00625
5 0.61875 0.56875 0.0578125 0.00546875