0 0.8609375 0.9140625 0.0109375 0.046875
0 0.56015625 0.91328125 0.0109375 0.046875
0 0.1 0.91328125 0.015625 0.046875
0 0.1 0.6421875 0.015625 0.04375
8 0.1 0.78984375 0.015625 0.1328125
0 0.1703125 0.2609375 0.0125 0.0296875
0 0.18515625 0.25390625 0.01875 0.015625
0 0.2796875 0.0328125 0.04375 0.015625
0 0.8609375 0.04765625 0.0109375 0.04375
8 0.6953125 0.928125 0.115625 0.015625
8 0.46484375 0.86171875 0.10625 0.015625
8 0.16875 0.41796875 0.015625 0.1328125
8 0.409375 0.0328125 0.1078125 0.015625
8 0.5875 0.03359375 0.04375 0.015625
8 0.74609375 0.0328125 0.115625 0.015625
8 0.8609375 0.4734375 0.0109375 0.146875
1 0.3515625 0.83359375 0.059375 0.071875
1 0.2796875 0.6578125 0.0609375 0.075
1 0.525 0.6578125 0.0609375 0.0765625
1 0.60703125 0.6578125 0.0625 0.0765625
1 0.67421875 0.37421875 0.075 0.06875
1 0.67421875 0.29296875 0.075 0.065625
1 0.559375 0.1796875 0.046875 0.059375
1 0.2953125 0.07421875 0.075 0.065625