0 0.17734375 0.05 0.009375 0.03125
0 0.17734375 0.878125 0.009375 0.0515625
0 0.6015625 0.9859375 0.0046875 0.0265625
0 0.8359375 0.046875 0.00625 0.025
8 0.47578125 0.0375 0.059375 0.00625
8 0.5953125 0.0375 0.059375 0.00625
8 0.8359375 0.1421875 0.00625 0.09375
8 0.70234375 0.5421875 0.0046875 0.09375
8 0.6359375 0.60390625 0.059375 0.00625
8 0.6015625 0.7234375 0.0046875 0.090625
8 0.6015625 0.87265625 0.0046875 0.09375
8 0.3109375 0.9 0.059375 0.0078125
8 0.17734375 0.75546875 0.009375 0.090625
5 0.45859375 0.259375 0.0578125 0.00625
5 0.60703125 0.259375 0.046875 0.00625
1 0.515625 0.2859375 0.0328125 0.0359375
1 0.5546875 0.2875 0.0296875 0.034375
1 0.6484375 0.3421875 0.0359375 0.05
1 0.43203125 0.34296875 0.0375 0.053125
1 0.5171875 0.39765625 0.028125 0.03125
1 0.58125 0.39921875 0.03125 0.0328125
1 0.74375 0.39140625 0.028125 0.03125
1 0.515625 0.509375 0.028125 0.03125
1 0.39453125 0.61875 0.0328125 0.0359375
1 0.385832275 0.891979365625 0.35921219843749996 0.91944444375 0.3831639140625 0.9567428578125 0.40876747187499995 0.9278523812499999 0.385832275 0.891979365625
1 0.7031130875 0.295396825 0.725730621875 0.3183333328125 0.744663278125 0.28674603125 0.7231893265625 0.26404603125000004 0.7031130875 0.295396825
8 0.8359375 0.31640625 0.00625 0.0375
8 0.44296875 0.59921875 0.040625 0.0125
5 0.46953125 0.45234375 0.0046875 0.075
5 0.56171875 0.54296875 0.0046875 0.075