0 0.60703125 0.93203125 0.021875 0.00625
0 0.87265625 0.1390625 0.025 0.0078125
0 0.17109375 0.04921875 0.0234375 0.0078125
0 0.3328125 0.93203125 0.01875 0.0078125
1 0.38359375 0.5953125 0.0390625 0.04375
1 0.6 0.53671875 0.046875 0.0671875
1 0.1296875 0.4125 0.0515625 0.0734375
8 0.16328125 0.1828125 0.00625 0.115625
8 0.2625 0.04921875 0.075 0.0078125
8 0.4453125 0.09453125 0.075 0.0078125
8 0.61875 0.09453125 0.109375 0.0078125
8 0.79921875 0.1390625 0.075 0.0078125
6 0.21640625 0.53046875 0.215625 0.1640625
5 0.36015625 0.51796875 0.00625 0.103125
8 0.10625 0.5625 0.00625 0.0578125