0 0.871875 0.346875 0.0171875 0.0265625
0 0.67578125 0.334375 0.0171875 0.0265625
0 0.67265625 0.24296875 0.0171875 0.0265625
0 0.48359375 0.24296875 0.0171875 0.0265625
0 0.403125 0.2390625 0.025 0.01875
0 0.1640625 0.2390625 0.025 0.01875
0 0.1640625 0.68125 0.025 0.01875
0 0.4109375 0.68125 0.025 0.01875
0 0.4171875 0.79921875 0.0171875 0.0265625
0 0.871875 0.6796875 0.0171875 0.0265625
0 0.67265625 0.79921875 0.0171875 0.025
2 0.43125 0.72421875 0.0453125 0.065625
2 0.4703125 0.7921875 0.0453125 0.040625
2 0.63984375 0.7921875 0.0453125 0.040625
8 0.87578125 0.51328125 0.009375 0.0359375
8 0.7703125 0.68515625 0.021875 0.0140625
8 0.72890625 0.68515625 0.0328125 0.0140625
8 0.60546875 0.803125 0.021875 0.0171875
8 0.43671875 0.803125 0.021875 0.01875
2 0.36875 0.66953125 0.0453125 0.040625
8 0.27734375 0.68046875 0.021875 0.0171875
8 0.15859375 0.55078125 0.0140625 0.065625
8 0.24765625 0.2390625 0.040625 0.0171875
8 0.36015625 0.2390625 0.03125 0.0171875
8 0.42421875 0.2859375 0.021875 0.00625
8 0.54921875 0.2390625 0.05 0.0171875
8 0.6296875 0.2390625 0.021875 0.0171875
8 0.821875 0.340625 0.08125 0.0125
8 0.73046875 0.340625 0.084375 0.0125
1 0.6546875 0.36953125 0.053125 0.04375
1 0.6328125 0.36875 0.04375 0.0421875
1 0.4515625 0.315625 0.028125 0.034375
1 0.42109375 0.3828125 0.028125 0.03125
1 0.415625 0.41953125 0.040625 0.0421875
1 0.36328125 0.38046875 0.03125 0.0359375
1 0.28046875 0.3796875 0.0328125 0.0375
1 0.20625 0.38046875 0.03125 0.0359375
1 0.2046875 0.46796875 0.03125 0.0375
1 0.24453125 0.50078125 0.04375 0.040625
1 0.2796875 0.5375 0.0296875 0.03125
1 0.315625 0.5015625 0.04375 0.04375