1 0.7375 0.2625 0.0515625 0.05546875
1 0.46015625 0.275 0.059375 0.075
1 0.46171875 0.35859375 0.05625 0.07578125
5 0.2953125 0.56328125 0.1109375 0.01171875
8 0.821875 0.6875 0.009375 0.05078125
8 0.821875 0.46640625 0.01015625 0.05078125
8 0.821875 0.2703125 0.01015625 0.05078125
8 0.821875 0.15078125 0.01015625 0.05078125
8 0.646875 0.07109375 0.04140625 0.01015625
8 0.3125 0.07109375 0.04296875 0.01015625
8 0.17890625 0.19453125 0.01015625 0.05078125
8 0.17890625 0.4203125 0.01015625 0.05078125
8 0.39609375 0.6671875 0.00859375 0.08203125
0 0.82265625 0.84921875 0.0109375 0.0265625
0 0.8109375 0.85703125 0.0125 0.01015625