0 0.18359375 0.89765625 0.0125 0.021875
0 0.8328125 0.92734375 0.009375 0.03125
0 0.778125 0.14921875 0.009375 0.03125
0 0.18359375 0.090625 0.0125 0.034375
8 0.27734375 0.90546875 0.05625 0.00625
8 0.36015625 0.90546875 0.05625 0.00625
8 0.6015625 0.93984375 0.05625 0.00625
8 0.6828125 0.93984375 0.05625 0.00625
8 0.63125 0.1375 0.140625 0.00625
8 0.32890625 0.0765625 0.140625 0.00625
8 0.18359375 0.84921875 0.0125 0.053125
8 0.18359375 0.66015625 0.0125 0.071875
8 0.2390625 0.73515625 0.0890625 0.00625
8 0.30703125 0.73515625 0.0359375 0.00625
8 0.34140625 0.73515625 0.01875 0.00625
6 0.1895080640625 0.731492903125 0.2822580640625 0.7316219359375 0.2822580640625 0.5863225812499999 0.359838709375 0.586387096875 0.359838709375 0.534838709375 0.1895967734375 0.53477419375 0.1895080640625 0.731492903125
8 0.28671875 0.6625 0.0078125 0.1375
8 0.30703125 0.58984375 0.034375 0.00625
8 0.34140625 0.58984375 0.01875 0.00625
8 0.32890625 0.6625 0.0078125 0.1390625
1 0.23359375 0.44765625 0.065625 0.046875
1 0.334375 0.39453125 0.0515625 0.046875
1 0.41640625 0.253125 0.0703125 0.05
1 0.496875 0.30546875 0.05 0.04375
1 0.58671875 0.428125 0.0671875 0.046875
1 0.4828125 0.68671875 0.05 0.04375
1 0.678125 0.61875 0.05 0.04375
5 0.26875 0.275 0.140625 0.00625
5 0.6578125 0.3359375 0.165625 0.00625