0 0.853125 0.08828125 0.0046875 0.0140625
0 0.853125 0.46484375 0.0046875 0.0140625
0 0.60703125 0.08828125 0.00390625 0.0140625
0 0.60703125 0.46484375 0.0046875 0.0140625
0 0.7515625 0.86015625 0.01171875 0.0078125
0 0.5609375 0.85859375 0.0109375 0.0078125
0 0.3890625 0.85859375 0.0109375 0.0078125
0 0.2421875 0.85859375 0.0109375 0.0078125
0 0.2390625 0.55546875 0.0046875 0.0140625
0 0.1734375 0.55 0.0109375 0.0078125
0 0.3921875 0.6390625 0.00390625 0.0140625
0 0.39375 0.546875 0.00703125 0.0140625
0 0.3203125 0.46875 0.0109375 0.00546875
0 0.31328125 0.43125 0.01171875 0.0078125
0 0.1734375 0.43125 0.0109375 0.0078125
8 0.7296875 0.08515625 0.0640625 0.009375
8 0.75390625 0.58984375 0.00859375 0.05
8 0.75390625 0.71953125 0.00859375 0.121875
8 0.4671875 0.859375 0.06640625 0.01015625
8 0.3140625 0.859375 0.07734375 0.009375
8 0.2390625 0.709375 0.00703125 0.12109375
8 0.2046875 0.43046875 0.034375 0.0078125
8 0.39375 0.46875 0.03359375 0.00703125
1 0.83046875 0.45390625 0.03515625 0.03828125
1 0.6296875 0.45390625 0.03515625 0.03828125
1 0.54375 0.5296875 0.03046875 0.0328125
1 0.7359375 0.53125 0.04296875 0.06171875
1 0.27734375 0.48203125 0.03046875 0.034375
1 0.225 0.51875 0.0359375 0.05
1 0.25625 0.5953125 0.04296875 0.0625
6 0.40546875 0.50546875 0.1859375 0.07421875