0 0.12734375 0.85234375 0.01875 0.046875
0 0.521875 0.86328125 0.04375 0.025
0 0.89609375 0.85234375 0.0171875 0.046875
0 0.89609375 0.36171875 0.0171875 0.046875
0 0.6171875 0.3609375 0.025 0.0484375
0 0.46796875 0.12109375 0.021875 0.046875
0 0.28359375 0.12109375 0.0109375 0.046875
0 0.12265625 0.12109375 0.009375 0.046875
0 0.12734375 0.5515625 0.01875 0.046875
8 0.12265625 0.4453125 0.0125 0.0625
8 0.21640625 0.86328125 0.0609375 0.028125
8 0.32421875 0.8640625 0.053125 0.028125
8 0.4328125 0.8640625 0.0921875 0.028125
8 0.6234375 0.8640625 0.09375 0.028125
8 0.71875 0.86328125 0.09375 0.028125
8 0.37265625 0.109375 0.0625 0.03125
1 0.2546875 0.49921875 0.0734375 0.06875
1 0.31796875 0.63125 0.046875 0.05625
1 0.2484375 0.57578125 0.0625 0.065625
1 0.44453125 0.56640625 0.075 0.08125
1 0.56015625 0.4234375 0.0734375 0.1
2 0.87578125 0.46953125 0.0671875 0.1