0 0.88828125 0.15078125 0.025 0.015625
0 0.77265625 0.15390625 0.01875 0.021875
0 0.625 0.15390625 0.01875 0.021875
0 0.53125 0.15390625 0.01875 0.021875
0 0.3828125 0.15390625 0.01875 0.021875
0 0.12265625 0.15390625 0.01875 0.021875
0 0.3828125 0.46953125 0.01875 0.021875
0 0.62578125 0.46953125 0.01875 0.021875
0 0.77578125 0.46484375 0.0125 0.03125
0 0.88359375 0.56953125 0.034375 0.021875
0 0.12265625 0.7671875 0.01875 0.021875
0 0.26875 0.7671875 0.01875 0.021875
0 0.3828125 0.7671875 0.01875 0.021875
0 0.5734375 0.7671875 0.01875 0.021875
0 0.77109375 0.7671875 0.01875 0.021875
0 0.8921875 0.7671875 0.021875 0.021875
6 0.578125 0.26640625 0.075 0.203125
5 0.37734375 0.28203125 0.00625 0.159375
8 0.778125 0.31171875 0.00625 0.1953125
1 0.85546875 0.5171875 0.0578125 0.084375
1 0.653125 0.440625 0.0359375 0.078125
1 0.60546875 0.4890625 0.025 0.059375
1 0.51015625 0.440625 0.0375 0.078125
1 0.39453125 0.50859375 0.04375 0.0578125
1 0.25859375 0.55234375 0.040625 0.0546875
1 0.25546875 0.62421875 0.046875 0.065625
1 0.54921875 0.609375 0.04375 0.059375