0 0.83515625 0.5421875 0.00625 0.034375
0 0.74765625 0.1453125 0.0078125 0.028125
0 0.0984375 0.93359375 0.00625 0.028125
0 0.0984375 0.14453125 0.00625 0.025
8 0.83671875 0.39765625 0.009375 0.1234375
8 0.0984375 0.303125 0.00625 0.15
8 0.13828125 0.94296875 0.040625 0.0078125
1 0.1515625 0.8546875 0.040625 0.04375
1 0.19765625 0.82109375 0.034375 0.0375
1 0.2046875 0.56328125 0.0421875 0.0625
1 0.2921875 0.42265625 0.05 0.071875
1 0.35390625 0.35703125 0.04375 0.046875
1 0.72265625 0.2265625 0.0375 0.040625
1 0.69453125 0.42109375 0.05 0.071875
1 0.61328125 0.36015625 0.0375 0.040625
1 0.51875 0.35703125 0.04375 0.046875
6 0.53515625 0.50859375 0.26875 0.084375
5 0.3265625 0.2359375 0.00625 0.146875
5 0.13515625 0.5640625 0.00625 0.1359375