0 0.82265625 0.89765625 0.015625 0.0328125
0 0.8234375 0.68984375 0.0171875 0.034375
0 0.7546875 0.15390625 0.01875 0.034375
0 0.5875 0.15390625 0.0203125 0.034375
0 0.3515625 0.20546875 0.021875 0.0359375
0 0.1375 0.2546875 0.028125 0.015625
0 0.125 0.5890625 0.0125 0.034375
0 0.3515625 0.6671875 0.01875 0.028125
0 0.56796875 0.83984375 0.01875 0.034375
8 0.79375 0.90546875 0.03125 0.015625
8 0.63984375 0.84921875 0.096875 0.0140625
8 0.384375 0.67421875 0.0359375 0.0140625
8 0.3515625 0.6046875 0.01875 0.096875
8 0.22109375 0.5 0.14375 0.015625
8 0.13203125 0.44140625 0.0203125 0.08125
8 0.459375 0.19765625 0.071875 0.01875
8 0.671875 0.14375 0.071875 0.0125
8 0.7546875 0.37890625 0.01875 0.109375
1 0.73671875 0.8234375 0.034375 0.034375
1 0.73671875 0.73203125 0.034375 0.034375
1 0.62890625 0.65390625 0.03125 0.028125
1 0.5668682390625001 0.7044401453125 0.593268796875 0.6686773609375 0.56156455625 0.636117228125 0.521256559375 0.688160078125 0.5562608734375 0.7197861171875 0.5668682390625001 0.7044401453125
1 0.52890625 0.56640625 0.0375 0.05
1 0.36328125 0.53125 0.0421875 0.028125
1 0.14609375 0.2859375 0.0484375 0.034375
1 0.74296875 0.51796875 0.040625 0.028125
1 0.65546875 0.528125 0.0296875 0.028125
1 0.6546875 0.45390625 0.0296875 0.028125
1 0.5984375 0.29765625 0.040625 0.0328125
6 0.66796875 0.40546875 0.15625 0.05625