0 0.3984375 0.059375 0.2390625 0.02890625
0 0.2078125 0.2578125 0.01875 0.23203125
0 0.26875 0.3796875 0.190625 0.02890625
0 0.3546875 0.484375 0.01796875 0.19921875
0 0.26875 0.5875 0.18984375 0.0234375
0 0.22109375 0.64609375 0.01953125 0.1046875
0 0.3984375 0.74140625 0.1046875 0.028125
0 0.62578125 0.6640625 0.06796875 0.02734375
0 0.5515625 0.30703125 0.1234375 0.028125
0 0.46875 0.921875 0.2171875 0.02578125
8 0.653125 0.79296875 0.01328125 0.1609375
8 0.60703125 0.5296875 0.01171875 0.11796875
8 0.60625 0.390625 0.01328125 0.09296875
8 0.509375 0.1484375 0.01171875 0.16171875
1 0.20625 0.1078125 0.01484375 0.0796875
1 0.4234375 0.5046875 0.01171875 0.07109375
1 0.3890625 0.6609375 0.05625 0.00703125
1 0.44453125 0.778125 0.009375 0.0640625
7 0.29609375 0.690625 0.04921875 0.01484375
7 0.36640625 0.8234375 0.0125 0.06328125