8 0.75859375 0.19140625 0.1125 0.0203125
8 0.5125 0.2375 0.0984375 0.0203125
5 0.33984375 0.2828125 0.1546875 0.0203125
1 0.27890625 0.77421875 0.059375 0.0203125
8 0.596875 0.6796875 0.01875 0.11015625
0 0.596875 0.7625 0.0171875 0.04609375
0 0.596875 0.59609375 0.01875 0.0453125
7 0.73203125 0.58515625 0.034375 0.01875
0 0.43203125 0.7578125 0.01796875 0.05625
0 0.83828125 0.58515625 0.04296875 0.0203125
0 0.24609375 0.2203125 0.01640625 0.05625
0 0.4328125 0.215625 0.0171875 0.06640625
0 0.59765625 0.215625 0.0171875 0.06953125
0 0.665625 0.21484375 0.01640625 0.06875
0 0.85234375 0.2078125 0.01796875 0.05625
7 0.63203125 0.2375 0.034375 0.0203125
1 0.625 0.58203125 0.046875 0.0140625
1 0.728125 0.4875 0.04453125 0.0125
1 0.6703125 0.44609375 0.0125 0.0796875
1 0.6484375 0.4140625 0.05 0.01875
1 0.5671875 0.50859375 0.065625 0.015625