0 0.7671875 0.128125 0.02265625 0.01953125
0 0.6140625 0.128125 0.02265625 0.01640625
0 0.540625 0.128125 0.021875 0.01875
0 0.396875 0.12890625 0.0234375 0.01875
0 0.39609375 0.31640625 0.02265625 0.01875
0 0.39296875 0.384375 0.0265625 0.01953125
0 0.615625 0.3171875 0.02578125 0.01953125
0 0.6140625 0.47421875 0.021875 0.01875
0 0.76640625 0.47421875 0.021875 0.0171875
0 0.7671875 0.3171875 0.021875 0.02109375
0 0.5703125 0.7078125 0.01640625 0.028125
0 0.45859375 0.70625 0.01484375 0.02734375
0 0.39375 0.7078125 0.01484375 0.02890625
0 0.390625 0.559375 0.02109375 0.0171875
0 0.459375 0.56484375 0.01484375 0.0328125
0 0.234375 0.559375 0.0234375 0.01796875
0 0.23046875 0.70703125 0.0140625 0.028125
0 0.2296875 0.3796875 0.0140625 0.0296875
0 0.23359375 0.3171875 0.02109375 0.01953125
8 0.19296875 0.2109375 0.01875 0.09765625
8 0.296875 0.08203125 0.090625 0.0203125
8 0.80234375 0.559375 0.0109375 0.0640625
8 0.7203125 0.74765625 0.0765625 0.021875
8 0.6109375 0.7859375 0.0609375 0.0171875
8 0.515625 0.78203125 0.090625 0.0203125
8 0.334375 0.7515625 0.03984375 0.01484375
8 0.253125 0.75 0.04140625 0.01640625
5 0.24453125 0.26953125 0.0796875 0.0109375
5 0.36328125 0.68203125 0.00859375 0.0984375
5 0.75078125 0.51875 0.07578125 0.00859375
1 0.5703125 0.5859375 0.0109375 0.06015625
1 0.665625 0.45078125 0.0078125 0.046875
1 0.64296875 0.325 0.03984375 0.01171875
1 0.684375 0.375 0.0359375 0.009375
1 0.315625 0.3125 0.03828125 0.0109375
1 0.35859375 0.3859375 0.040625 0.01328125
1 0.39453125 0.5953125 0.0109375 0.059375
1 0.440625 0.62578125 0.0421875 0.0125
8 0.2296875 0.62421875 0.01640625 0.096875
7 0.4265625 0.7515625 0.0328125 0.01328125
7 0.80234375 0.3953125 0.00859375 0.0765625
7 0.2296875 0.340625 0.0140625 0.04296875