0 0.884375 0.95390625 0.021875 0.0078125
0 0.89140625 0.06953125 0.00625 0.025
0 0.478125 0.075 0.0109375 0.0359375
0 0.084375 0.1515625 0.00625 0.028125
0 0.090625 0.728125 0.01875 0.0078125
0 0.3984375 0.9515625 0.0234375 0.0078125
1 0.8046875 0.815625 0.053125 0.059375
1 0.76015625 0.85 0.0390625 0.0546875
8 0.89140625 0.9109375 0.00625 0.053125
8 0.84765625 0.953125 0.053125 0.009375
8 0.43359375 0.1421875 0.053125 0.009375
8 0.14921875 0.1421875 0.1046875 0.009375
8 0.08515625 0.26171875 0.00625 0.053125
8 0.084375 0.621875 0.00625 0.103125
8 0.1890625 0.728125 0.10625 0.009375
8 0.38984375 0.83671875 0.00625 0.103125
8 0.52109375 0.95078125 0.1 0.0078125
8 0.709375 0.953125 0.10625 0.009375
1 0.51171875 0.5953125 0.053125 0.0609375
1 0.58125 0.5265625 0.0375 0.0515625
1 0.51640625 0.50859375 0.053125 0.059375
1 0.43828125 0.5078125 0.05 0.05625
1 0.29765625 0.175 0.06875 0.075
6 0.4726232078125 0.1460032625 0.3657105609375 0.146084828125 0.365645371875 0.21370309999999998 0.386509778125 0.21362153281250001 0.3925071703125 0.21370309999999998 0.39237288124999997 0.47952691718749996 0.47262060000000006 0.47952691718749996 0.4726232078125 0.1460032625