0 0.125 0.9140625 0.0078125 0.025
0 0.13671875 0.921875 0.0171875 0.009375
0 0.575 0.0921875 0.0234375 0.009375
0 0.5828125 0.1046875 0.0078125 0.0171875
8 0.12421875 0.153125 0.0078125 0.0453125
8 0.125 0.36328125 0.0078125 0.075
8 0.12421875 0.52421875 0.0078125 0.075
8 0.31640625 0.92109375 0.228125 0.0109375
8 0.7296875 0.921875 0.140625 0.009375
8 0.85859375 0.815625 0.0078125 0.146875
8 0.85859375 0.54453125 0.0078125 0.146875
8 0.7296875 0.44296875 0.140625 0.0078125
1 0.49765625 0.415625 0.05 0.05
8 0.45859375 0.0921875 0.071875 0.009375
8 0.5828125 0.1875 0.0078125 0.075
1 0.43671875 0.2921875 0.0734375 0.06875
1 0.31328125 0.15625 0.0515625 0.0453125
1 0.37578125 0.41796875 0.0515625 0.0453125
1 0.37578125 0.47421875 0.0515625 0.0453125
2 0.45234375 0.58203125 0.0859375 0.053125
2 0.56328125 0.9 0.0859375 0.053125