0 0.109375 0.66875 0.015625 0.034375
0 0.37734375 0.85234375 0.0140625 0.034375
0 0.528125 0.66875 0.0140625 0.0359375
0 0.83046875 0.8640625 0.04375 0.0125
0 0.7875 0.4578125 0.025 0.0375
0 0.378125 0.4625 0.015625 0.034375
0 0.11015625 0.40859375 0.015625 0.0359375
8 0.7921875 0.1328125 0.01875 0.046875
8 0.615625 0.13359375 0.0203125 0.0484375
8 0.5703125 0.1953125 0.053125 0.0171875
8 0.4125 0.1953125 0.053125 0.015625
8 0.52734375 0.79765625 0.021875 0.0515625
8 0.3046875 0.68125 0.065625 0.0171875
8 0.2125 0.68125 0.065625 0.015625
8 0.7046875 0.4625 0.01875 0.046875
8 0.7046875 0.35390625 0.01875 0.0453125
8 0.1109375 0.46875 0.021875 0.0453125
1 0.55625 0.3 0.0453125 0.0484375
1 0.65 0.29765625 0.04375 0.05
1 0.68359375 0.41015625 0.05 0.046875
1 0.56171875 0.47578125 0.0546875 0.040625
1 0.415625 0.66484375 0.046875 0.0484375
8 0.46640625 0.1953125 0.053125 0.015625