0 0.828125 0.78828125 0.021875 0.0453125
0 0.828125 0.48359375 0.021875 0.04375
0 0.6078125 0.3046875 0.0203125 0.04375
0 0.45625 0.18046875 0.040625 0.015625
0 0.17109375 0.19453125 0.01875 0.04375
0 0.16796875 0.46015625 0.0125 0.04375
0 0.16796875 0.68671875 0.0125 0.04375
0 0.45078125 0.78828125 0.0203125 0.0453125
8 0.25 0.703125 0.125 0.0125
8 0.34765625 0.703125 0.028125 0.0125
8 0.45078125 0.74375 0.0203125 0.028125
8 0.59609375 0.803125 0.040625 0.015625
8 0.828125 0.71640625 0.021875 0.04375
8 0.828125 0.5859375 0.021875 0.04375
8 0.6078125 0.37265625 0.0203125 0.046875
8 0.315625 0.18046875 0.146875 0.015625
8 0.17109375 0.3046875 0.01875 0.04375
8 0.16796875 0.58515625 0.0109375 0.028125
1 0.3578125 0.634375 0.034375 0.025
1 0.35390625 0.58984375 0.04375 0.0375
1 0.41015625 0.6390625 0.0390625 0.05625
1 0.4828125 0.675 0.040625 0.0453125
1 0.60390625 0.675 0.0390625 0.046875
1 0.65078125 0.67421875 0.0421875 0.046875
1 0.684375 0.6359375 0.0265625 0.0265625
1 0.65 0.59609375 0.040625 0.046875
1 0.646875 0.49140625 0.0390625 0.059375
1 0.47421875 0.36484375 0.0375 0.0375
2 0.415625 0.44921875 0.065625 0.046875
2 0.54296875 0.309375 0.065625 0.053125
2 0.4578125 0.23046875 0.0390625 0.040625