0 0.1484375 0.2453125 0.0265625 0.0625
0 0.1484375 0.728125 0.02578125 0.0625
0 0.37421875 0.1734375 0.02578125 0.0625
0 0.37421875 0.5015625 0.0265625 0.0625
0 0.63515625 0.17265625 0.0265625 0.0625
0 0.63515625 0.52265625 0.0265625 0.0625
0 0.61875 0.74375 0.05390625 0.03125
0 0.8625 0.728125 0.0265625 0.0625
0 0.8625 0.24375 0.0265625 0.05859375
8 0.2171875 0.22734375 0.04765625 0.0265625
8 0.2828125 0.22734375 0.04765625 0.0265625
8 0.5046875 0.15546875 0.075 0.0265625
8 0.725 0.22734375 0.04765625 0.0265625
8 0.79453125 0.22734375 0.04765625 0.0265625
8 0.8625 0.43046875 0.02578125 0.04453125
8 0.8625 0.49453125 0.02578125 0.04453125
8 0.74921875 0.7453125 0.12421875 0.02578125
8 0.503125 0.7453125 0.16171875 0.02578125
8 0.26328125 0.7453125 0.12421875 0.02578125
1 0.2859375 0.40859375 0.04765625 0.0625
1 0.2984375 0.5015625 0.04765625 0.0625
1 0.39375 0.41015625 0.06015625 0.0515625
2 0.4296875 0.29296875 0.0625 0.04375
1 0.8234375 0.40703125 0.053125 0.0625
6 0.5421875 0.3734375 0.1609375 0.1171875
1 0.39453125 0.35546875 0.0609375 0.04609375