0 0.3796875 0.91640625 0.03125 0.0125
0 0.2453125 0.10625 0.028125 0.009375
0 0.7625 0.10625 0.0234375 0.009375
0 0.7609375 0.91640625 0.0265625 0.0125
1 0.48671875 0.87109375 0.0453125 0.0625
1 0.58984375 0.50390625 0.0625 0.06875
1 0.6390625 0.4296875 0.05 0.0734375
1 0.37265625 0.51015625 0.075 0.08125
1 0.32734375 0.51796875 0.0375 0.0546875
8 0.6375 0.91640625 0.13125 0.0125
8 0.46328125 0.91640625 0.05 0.0125
8 0.28515625 0.69375 0.08125 0.0109375
8 0.33359375 0.184375 0.078125 0.009375
8 0.48359375 0.184375 0.078125 0.009375
5 0.59453125 0.64921875 0.13125 0.0109375
6 0.67109375 0.24921875 0.1890625 0.2765625
8 0.67578125 0.10625 0.05625 0.009375