0 0.84609375 0.95390625 0.025 0.009375
0 0.5328125 0.02265625 0.0171875 0.00625
0 0.16640625 0.19609375 0.00625 0.015625
0 0.1734375 0.95390625 0.0203125 0.009375
8 0.5484375 0.95390625 0.059375 0.009375
8 0.425 0.95390625 0.0609375 0.009375
8 0.34609375 0.95390625 0.025 0.009375
8 0.16640625 0.615625 0.00625 0.0375
8 0.16640625 0.33359375 0.00625 0.09375
8 0.27421875 0.109375 0.0046875 0.09375
8 0.33828125 0.02265625 0.059375 0.00625
8 0.53984375 0.1375 0.0046875 0.09375
5 0.565625 0.71484375 0.059375 0.00625
5 0.4125 0.71484375 0.0484375 0.00625
1 0.5078125 0.6875 0.034375 0.0375
1 0.46640625 0.6859375 0.03125 0.034375
1 0.375 0.62734375 0.0359375 0.05
1 0.25625 0.6828125 0.0328125 0.04375
1 0.22109375 0.7015625 0.03125 0.034375
1 0.25625 0.62109375 0.03125 0.0453125
5 0.16640625 0.83359375 0.00625 0.09375
1 0.52421875 0.5671875 0.034375 0.0390625
1 0.43203125 0.571875 0.028125 0.03125
1 0.671875 0.51484375 0.0328125 0.04375
1 0.59453125 0.62734375 0.034375 0.0484375
1 0.58573039375 0.4258289640625 0.6056366046874999 0.39809286875 0.6076259953125 0.39527363125 0.5826774343750001 0.3650040203125 0.560492596875 0.3988522109375 0.58573039375 0.4258289640625
1 0.5500687921875 0.36972809687499997 0.577407928125 0.3407910328125 0.5545939828125 0.3032738484375 0.5292519328124999 0.33789385781250003 0.5500687921875 0.36972809687499997
1 0.55417771875 0.3138474296875 0.53249336875 0.28930348281249996 0.5119350125000001 0.3209801 0.5349469499999999 0.3425373140625 0.55417771875 0.3138474296875
5 0.21796875 0.19140625 0.0625 0.00625
5 0.6203125 0.4421875 0.059375 0.00625