0 0.309375 0.22578125 0.05 0.025
0 0.309375 0.55859375 0.053125 0.01875
0 0.31328125 0.7796875 0.053125 0.025
0 0.5546875 0.55859375 0.0515625 0.01875
0 0.89765625 0.4875 0.0515625 0.025
0 0.89765625 0.78046875 0.0515625 0.025
0 0.7453125 0.225 0.053125 0.025
8 0.7703125 0.35546875 0.053125 0.0828125
8 0.64765625 0.22578125 0.059375 0.0265625
8 0.70859375 0.7796875 0.059375 0.025
8 0.56328125 0.78046875 0.059375 0.0234375
8 0.40078125 0.7796875 0.0640625 0.025
8 0.2828125 0.3640625 0.05625 0.078125
1 0.31484375 0.50078125 0.065625 0.05
1 0.31484375 0.59765625 0.05625 0.040625
2 0.39296875 0.24375 0.08125 0.0625
1 0.39609375 0.5765625 0.04375 0.0546875
1 0.540625 0.521875 0.046875 0.04375
1 0.55625 0.5921875 0.046875 0.0421875
1 0.59921875 0.64453125 0.0484375 0.046875
1 0.63984375 0.5171875 0.0484375 0.0421875
1 0.58359375 0.46484375 0.04375 0.0546875
1 0.80625 0.51484375 0.065625 0.084375