0 0.15625 0.83515625 0.0125 0.053125
0 0.83828125 0.834375 0.015625 0.05
0 0.8390625 0.1234375 0.0140625 0.0578125
0 0.15703125 0.1265625 0.015625 0.05625
1 0.6484375 0.5171875 0.075 0.0890625
1 0.646875 0.40703125 0.06875 0.084375
1 0.534375 0.6140625 0.059375 0.075
8 0.72734375 0.853125 0.121875 0.034375
8 0.83828125 0.66640625 0.028125 0.190625
8 0.83984375 0.29921875 0.03125 0.1828125
8 0.4765625 0.11015625 0.13125 0.04375
8 0.725 0.109375 0.128125 0.0375
8 0.41171875 0.85546875 0.115625 0.034375
2 0.259375 0.1390625 0.09375 0.08125
8 0.15546875 0.6625 0.0390625 0.20625
8 0.24453125 0.85390625 0.1125 0.0265625
8 0.15546875 0.315625 0.0234375 0.184375