1 0.25234375 0.184375 0.04609375 0.1171875
1 0.5234375 0.60625 0.05078125 0.09140625
1 0.6953125 0.5421875 0.05234375 0.0953125
1 0.6515625 0.8015625 0.05078125 0.1140625
1 0.52578125 0.8109375 0.05703125 0.0984375
8 0.1875 0.384375 0.02734375 0.09140625
8 0.80625 0.2921875 0.03359375 0.08828125
8 0.80625 0.715625 0.034375 0.0921875
6 0.48515625 0.253125 0.14921875 0.18125
1 0.584375 0.37734375 0.04296875 0.08125
0 0.1875 0.175 0.02890625 0.09140625
0 0.80625 0.1734375 0.03125 0.09375
0 0.80703125 0.83203125 0.03203125 0.08828125
0 0.18671875 0.83046875 0.03125 0.09921875