0 0.80703125 0.1234375 0.00625 0.01953125
0 0.79609375 0.8609375 0.028125 0.0078125
0 0.20078125 0.8609375 0.0265625 0.0078125
0 0.3234375 0.1171875 0.0203125 0.0078125
1 0.364125 0.599375 0.3353125 0.6448437499999999 0.36843750000000003 0.676953125 0.39753534375 0.6331176953125001 0.364125 0.599375
1 0.2978125 0.59445625 0.2713944953125 0.6345915718749999 0.2995 0.6728125 0.330875 0.6443749999999999 0.2978125 0.59445625
1 0.51328125 0.2890625 0.03515625 0.0375
1 0.6453125 0.29296875 0.034375 0.03828125
1 0.46484375 0.4234375 0.040625 0.04375
1 0.5125 0.4265625 0.034375 0.03828125
1 0.68125 0.43828125 0.03828125 0.05390625
1 0.296875 0.4828125 0.0453125 0.06484375
8 0.4046875 0.8609375 0.07109375 0.0078125
8 0.53359375 0.8609375 0.071875 0.0078125
8 0.80703125 0.6921875 0.00625 0.13515625
8 0.80703125 0.18984375 0.00625 0.1109375
8 0.18984375 0.715625 0.00625 0.0578125
8 0.18984375 0.778125 0.00625 0.05703125
8 0.528125 0.1171875 0.03671875 0.0078125
8 0.77578125 0.1171875 0.0375 0.0078125
8 0.18984375 0.51171875 0.00625 0.05703125
5 0.22890625 0.634375 0.0578125 0.0078125
5 0.4296875 0.5796875 0.07421875 0.0078125
6 0.53359375 0.6953125 0.109375 0.32421875
5 0.37421875 0.39140625 0.10234375 0.0078125
8 0.31640625 0.24375 0.00625 0.05703125
8 0.31640625 0.30703125 0.00625 0.05703125
5 0.75 0.43671875 0.00625 0.12109375
1 0.61171875 0.56875 0.0484375 0.06796875