0 0.125 0.15546875 0.046875 0.03203125
0 0.40390625 0.15546875 0.05078125 0.03671875
0 0.87109375 0.309375 0.053125 0.0359375
0 0.8765625 0.84765625 0.0453125 0.02265625
0 0.1234375 0.84765625 0.0484375 0.02265625
8 0.1140625 0.72265625 0.02890625 0.05625
8 0.12421875 0.465625 0.0546875 0.10625
8 0.11171875 0.2640625 0.025 0.05703125
1 0.3578125 0.32734375 0.07578125 0.09765625
1 0.41328125 0.63671875 0.0640625 0.090625
1 0.4984375 0.63984375 0.071875 0.0859375
1 0.3671875 0.728125 0.07890625 0.0796875
1 0.73203125 0.65234375 0.0546875 0.06640625
1 0.7828125 0.6640625 0.04296875 0.0625
1 0.76171875 0.74375 0.06640625 0.08203125
1 0.840625 0.58046875 0.07890625 0.09765625