0 0.9421875 0.8203125 0.03125 0.009375
0 0.1265625 0.8203125 0.05 0.009375
0 0.0203125 0.403125 0.025 0.0046875
0 0.9453125 0.171875 0.025 0.0046875
8 0.9546875 0.5265625 0.00625 0.059375
8 0.9546875 0.40859375 0.00625 0.059375
8 0.85078125 0.171875 0.09375 0.0046875
8 0.45703125 0.303125 0.09375 0.0046875
8 0.396875 0.36875 0.00625 0.059375
8 0.2796875 0.403125 0.0875 0.0046875
8 0.13203125 0.403125 0.09375 0.0046875
8 0.10546875 0.6890625 0.0078125 0.059375
8 0.2484375 0.8203125 0.090625 0.009375
5 0.73671875 0.54375 0.00625 0.05625
5 0.7359375 0.396875 0.00625 0.046875
1 0.709375 0.4875 0.034375 0.03125
1 0.70859375 0.4484375 0.034375 0.0296875
1 0.6546875 0.35703125 0.05 0.034375
1 0.65390625 0.56953125 0.0515625 0.0375
1 0.6 0.4859375 0.03125 0.028125
1 0.5984375 0.42265625 0.0328125 0.03125
1 0.60625 0.2625 0.03125 0.028125
1 0.48984375 0.4875 0.03125 0.028125
1 0.38203125 0.60625 0.034375 0.03125
1 0.0780515625 0.59225 0.0496125 0.6174375000000001 0.086328125 0.641 0.1133640625 0.6148125 0.0780515625 0.59225
1 0.7314859375 0.2829375 0.7091406250000001 0.2618125 0.6780468749999999 0.2804375 0.7006249999999999 0.3026875 0.7314859375 0.2829375
8 0.6796875 0.171875 0.0375 0.0046875
8 0.4015625 0.55859375 0.0125 0.0390625
5 0.54609375 0.5328125 0.0734375 0.0046875
5 0.45703125 0.44140625 0.0734375 0.0046875