0 0.20078125 0.8296875 0.021875 0.015625
0 0.43828125 0.8296875 0.021875 0.015625
0 0.44921875 0.66171875 0.021875 0.015625
0 0.72109375 0.66171875 0.021875 0.015625
0 0.72109375 0.43359375 0.021875 0.015625
0 0.5765625 0.43046875 0.021875 0.015625
0 0.565625 0.1359375 0.021875 0.015625
0 0.36484375 0.1359375 0.021875 0.015625
0 0.20078125 0.1359375 0.021875 0.015625
0 0.371875 0.41171875 0.0125 0.028125
0 0.20078125 0.53203125 0.021875 0.015625
8 0.2828125 0.8296875 0.1078125 0.01875
8 0.44375 0.784375 0.0125 0.078125
8 0.5078125 0.66171875 0.075 0.01875
8 0.64921875 0.66171875 0.075 0.01875
8 0.72734375 0.54609375 0.0125 0.1171875
8 0.653125 0.43125 0.109375 0.015625
8 0.57109375 0.28828125 0.0140625 0.16875
8 0.49765625 0.1359375 0.1078125 0.01875
8 0.19453125 0.47578125 0.0125 0.084375
8 0.2828125 0.1359375 0.10625 0.01875
1 0.33828125 0.55859375 0.0625 0.06875
1 0.33828125 0.39375 0.059375 0.0625
1 0.28515625 0.459375 0.05 0.075
1 0.403125 0.16171875 0.059375 0.06875
1 0.59609375 0.48203125 0.065625 0.0875