0 0.06171875 0.0578125 0.009375 0.03125
0 0.06171875 0.984375 0.009375 0.03125
0 0.903125 0.875 0.009375 0.03125
0 0.903125 0.0578125 0.009375 0.03125
8 0.6984375 0.04375 0.18125 0.0140625
8 0.1953125 0.04375 0.1140625 0.0125
8 0.06015625 0.46875 0.0140625 0.1140625
8 0.06015625 0.68671875 0.015625 0.1296875
8 0.90390625 0.73984375 0.015625 0.115625
1 0.515625 0.43046875 0.059375 0.065625
1 0.403125 0.44296875 0.0390625 0.05625
1 0.27421875 0.42265625 0.0375 0.05625
1 0.42265625 0.9625 0.06875 0.075
1 0.88359375 0.565625 0.0515625 0.0734375
6 0.18046875 0.4625 0.2375 0.178125