1 0.534375 0.18984375 0.096875 0.06875
1 0.40078125 0.49140625 0.053125 0.05
1 0.48984375 0.8234375 0.078125 0.053125
1 0.61328125 0.7796875 0.078125 0.053125
1 0.69296875 0.759375 0.053125 0.05
0 0.90390625 0.846875 0.025 0.00625
0 0.91171875 0.3625 0.009375 0.0203125
0 0.059375 0.846875 0.03125 0.00625
0 0.04921875 0.128125 0.0125 0.025
6 0.21484375 0.5296875 0.31875 0.146875
8 0.91171875 0.60234375 0.009375 0.096875
8 0.91171875 0.7546875 0.009375 0.0390625
8 0.91171875 0.8125 0.009375 0.0390625
8 0.7515625 0.846875 0.0609375 0.00625
8 0.25390625 0.846875 0.153125 0.00625
8 0.04921875 0.64296875 0.0125 0.053125
8 0.04921875 0.3625 0.0125 0.053125
8 0.04921875 0.17265625 0.0125 0.0515625
8 0.59921875 0.26015625 0.009375 0.115625
8 0.7515625 0.35546875 0.153125 0.00625
8 0.04921875 0.81640625 0.0125 0.0546875
8 0.04921875 0.55859375 0.0125 0.053125
8 0.04921875 0.50078125 0.0125 0.053125