0 0.10546875 0.70078125 0.0203125 0.0765625
0 0.075 0.3359375 0.021875 0.0109375
0 0.93203125 0.50390625 0.028125 0.0109375
0 0.65390625 0.70546875 0.03125 0.0140625
8 0.1 0.51171875 0.009375 0.0796875
8 0.0671875 0.3828125 0.009375 0.084375
8 0.42421875 0.31640625 0.03125 0.009375
8 0.9171875 0.75234375 0.05625 0.015625
8 0.8375 0.70546875 0.05 0.015625
8 0.7171875 0.70546875 0.09375 0.015625
8 0.58984375 0.70546875 0.09375 0.0140625
8 0.4703125 0.70546875 0.05 0.015625
8 0.39140625 0.75234375 0.0546875 0.0125
8 0.30703125 0.73515625 0.0953125 0.0078125
8 0.171875 0.73515625 0.0953125 0.0078125
1 0.21328125 0.42109375 0.028125 0.0296875
1 0.25546875 0.46640625 0.040625 0.05625
1 0.33828125 0.41484375 0.0375 0.040625
1 0.34375 0.51953125 0.0375 0.04375
1 0.384375 0.41953125 0.0296875 0.0328125
1 0.37578125 0.5921875 0.028125 0.040625
1 0.6296875 0.33515625 0.04375 0.046875
1 0.67109375 0.55625 0.040625 0.05625
1 0.896875 0.59375 0.03125 0.04375