0 0.84609375 0.90078125 0.075 0.015625
0 0.84609375 0.5484375 0.075 0.0171875
0 0.2140625 0.4921875 0.075 0.009375
0 0.5109375 0.103125 0.0734375 0.0125
0 0.215625 0.103125 0.0734375 0.0125
0 0.2140625 0.74296875 0.0765625 0.015625
0 0.59609375 0.74296875 0.075 0.015625
0 0.64375 0.90078125 0.075 0.015625
8 0.36640625 0.74296875 0.21875 0.015625
8 0.765625 0.5484375 0.071875 0.015625
1 0.5265625 0.56484375 0.0875 0.046875
1 0.6125 0.52265625 0.09375 0.071875
6 0.74453125 0.81484375 0.2234375 0.15625