0 0.1125 0.128125 0.015625 0.05
0 0.221875 0.9125 0.01875 0.05625
0 0.8671875 0.9125 0.01875 0.053125
0 0.86796875 0.2640625 0.01875 0.05
8 0.1125 0.225 0.015625 0.053125
8 0.10625 0.50625 0.0421875 0.128125
8 0.1125 0.396875 0.021875 0.059375
8 0.6828125 0.93828125 0.096875 0.059375
1 0.20546875 0.68828125 0.075 0.075
1 0.62265625 0.6828125 0.0625 0.0828125
1 0.7546875 0.61484375 0.05625 0.0859375
1 0.790625 0.4671875 0.0578125 0.0859375
1 0.5671875 0.5390625 0.0578125 0.078125
1 0.3375 0.325 0.059375 0.0796875
1 0.50625 0.32578125 0.053125 0.0828125
1 0.62265625 0.3296875 0.04375 0.078125