1 0.54453125 0.275 0.04375 0.06875
1 0.478125 0.26640625 0.059375 0.084375
1 0.3890625 0.55625 0.0734375 0.06875
1 0.478125 0.63203125 0.059375 0.084375
1 0.55234375 0.63125 0.059375 0.084375
0 0.16796875 0.05859375 0.0296875 0.01875
0 0.1609375 0.0734375 0.015625 0.0109375
0 0.16796875 0.30078125 0.0296875 0.01875
0 0.16796875 0.5984375 0.0296875 0.01875
0 0.16796875 0.965625 0.0296875 0.01875
0 0.52265625 0.965625 0.028125 0.01875
0 0.90625 0.965625 0.0296875 0.01875
0 0.91328125 0.95078125 0.015625 0.0109375
0 0.90625 0.5984375 0.0296875 0.01875
0 0.90625 0.05859375 0.0296875 0.0171875
0 0.52265625 0.05859375 0.028125 0.01875
0 0.515625 0.2921875 0.015625 0.034375
0 0.515625 0.60625 0.015625 0.034375
8 0.33828125 0.965625 0.146875 0.01875
8 0.1609375 0.78203125 0.015625 0.16875
8 0.1609375 0.44921875 0.015625 0.16875
8 0.1609375 0.1796875 0.015625 0.16875
8 0.38671875 0.05859375 0.146875 0.01875
8 0.91328125 0.2078125 0.015625 0.16875
8 0.91328125 0.44921875 0.015625 0.16875
8 0.91328125 0.78203125 0.015625 0.16875
8 0.7140625 0.965625 0.146875 0.01875
8 0.59765625 0.059375 0.0453125 0.01875
8 0.82578125 0.059375 0.13125 0.01875