8 0.1578125 0.253125 0.053125 0.0875
8 0.1546875 0.61015625 0.0515625 0.0953125
8 0.65703125 0.80546875 0.10859375 0.06640625
8 0.78359375 0.72734375 0.0515625 0.09140625
8 0.859375 0.43359375 0.053125 0.09375
8 0.8625 0.25625 0.053125 0.0921875
0 0.1578125 0.153125 0.053125 0.02890625
0 0.8609375 0.1515625 0.0515625 0.02890625
0 0.784375 0.82734375 0.0484375 0.02578125
0 0.15546875 0.828125 0.0484375 0.02890625
1 0.4078125 0.30390625 0.07265625 0.0921875
1 0.47421875 0.31171875 0.0453125 0.0625
1 0.5984375 0.30390625 0.053125 0.075
1 0.659375 0.378125 0.0515625 0.0609375
1 0.77265625 0.59453125 0.075 0.06953125
1 0.53203125 0.5859375 0.08046875 0.08046875
1 0.6 0.678125 0.06875 0.0875
8 0.50859375 0.1515625 0.078125 0.034375