0 0.33125 0.13515625 0.0203125 0.0078125
0 0.609375 0.13515625 0.015625 0.0078125
0 0.253125 0.7875 0.009375 0.03046875
0 0.8296875 0.89609375 0.02421875 0.01171875
8 0.40625 0.13515625 0.01796875 0.0078125
8 0.4484375 0.13515625 0.01796875 0.0078125
8 0.4890625 0.13515625 0.01796875 0.0078125
8 0.53125 0.13515625 0.01796875 0.0078125
8 0.32421875 0.2734375 0.00625 0.0296875
8 0.253125 0.4296875 0.009375 0.08046875
8 0.253125 0.553125 0.009375 0.0296875
8 0.253125 0.60546875 0.009375 0.0296875
8 0.8390625 0.8296875 0.00625 0.03359375
8 0.76328125 0.61484375 0.009375 0.0328125
8 0.76328125 0.57421875 0.009375 0.03359375
8 0.721875 0.434375 0.01796875 0.015625
8 0.6265625 0.3734375 0.01796875 0.0171875
1 0.340625 0.3265625 0.03828125 0.05546875
1 0.6015625 0.38671875 0.02109375 0.028125
1 0.675 0.403125 0.0296875 0.04140625
1 0.67578125 0.46015625 0.02734375 0.0375
1 0.6984375 0.49921875 0.0265625 0.0375
1 0.75390625 0.50078125 0.02890625 0.040625
1 0.74140625 0.82421875 0.02578125 0.03671875
1 0.30546875 0.584375 0.0265625 0.03671875
1 0.34375 0.584375 0.02578125 0.03671875
1 0.32890625 0.66171875 0.02109375 0.0234375
1 0.59453125 0.50625 0.02578125 0.0375
1 0.59453125 0.60625 0.02578125 0.03671875
1 0.634375 0.60625 0.02578125 0.0375
1 0.67109375 0.6421875 0.0203125 0.02421875
1 0.69453125 0.6125 0.02578125 0.0359375
5 0.30234375 0.78671875 0.08984375 0.0078125
5 0.625 0.75703125 0.06796875 0.00625
5 0.69453125 0.75703125 0.0671875 0.00625
5 0.41015625 0.62734375 0.10703125 0.00625
5 0.528125 0.62734375 0.10703125 0.00625