0 0.1578125 0.1578125 0.021875 0.0484375
0 0.81328125 0.1578125 0.0234375 0.0484375
0 0.81328125 0.58515625 0.0234375 0.046875
0 0.79609375 0.85234375 0.0609375 0.01875
0 0.1765625 0.85234375 0.0609375 0.01875
0 0.1578125 0.584375 0.0234375 0.0484375
8 0.81484375 0.42734375 0.034375 0.175
8 0.8140625 0.73359375 0.0359375 0.1765625
8 0.6375 0.85234375 0.2234375 0.0265625
8 0.1578125 0.7125 0.034375 0.1796875
8 0.1578125 0.47578125 0.03125 0.1375
1 0.47734375 0.2625 0.096875 0.06875
1 0.59375 0.26328125 0.0953125 0.0671875
1 0.33359375 0.3640625 0.103125 0.06875
1 0.47890625 0.4171875 0.096875 0.0703125
1 0.38125 0.83125 0.103125 0.0703125