0 0.17421875 0.22578125 0.0734375 0.034375
0 0.1578125 0.4953125 0.040625 0.0625
0 0.175 0.778125 0.075 0.03125
0 0.42421875 0.5015625 0.071875 0.03125
0 0.40703125 0.8671875 0.0765625 0.0359375
0 0.52265625 0.225 0.071875 0.0375
0 0.82109375 0.225 0.06875 0.034375
0 0.821875 0.8671875 0.071875 0.0375
8 0.83984375 0.31640625 0.040625 0.06875
8 0.8390625 0.4234375 0.0375 0.06875
8 0.8390625 0.6390625 0.040625 0.06875
8 0.83828125 0.7546875 0.040625 0.06875
8 0.6171875 0.8484375 0.15625 0.078125
1 0.28359375 0.453125 0.071875 0.059375
1 0.35546875 0.52734375 0.065625 0.08125
1 0.35859375 0.42421875 0.071875 0.065625
1 0.34609375 0.74609375 0.071875 0.075