0 0.353125 0.196875 0.0296875 0.0921875
0 0.71953125 0.28203125 0.1078125 0.02578125
0 0.7203125 0.41796875 0.10703125 0.02265625
0 0.659375 0.63359375 0.10859375 0.02109375
0 0.61953125 0.7125 0.075 0.0234375
0 0.253125 0.478125 0.02578125 0.12578125
0 0.253125 0.31328125 0.025 0.08359375
1 0.35234375 0.396875 0.0171875 0.0453125
1 0.440625 0.421875 0.06484375 0.01328125
1 0.5109375 0.421875 0.06484375 0.01328125
1 0.5609375 0.63828125 0.05859375 0.0125
1 0.3515625 0.12265625 0.01484375 0.06484375
8 0.30078125 0.278125 0.046875 0.0140625
8 0.3625 0.6390625 0.16015625 0.01171875
8 0.6484375 0.659375 0.01484375 0.0390625
8 0.7046875 0.52890625 0.01640625 0.13046875
8 0.765625 0.353125 0.01484375 0.06796875
8 0.76640625 0.1875 0.0140625 0.13203125