0 0.17890625 0.18515625 0.0515625 0.0125
0 0.871875 0.18515625 0.0515625 0.0125
0 0.87265625 0.82109375 0.0515625 0.0125
0 0.484375 0.90390625 0.0515625 0.0109375
0 0.17890625 0.90390625 0.0515625 0.0109375
8 0.69921875 0.18515625 0.1953125 0.0125
8 0.72421875 0.82109375 0.196875 0.0125
1 0.35 0.2859375 0.0765625 0.0546875
1 0.4484375 0.27890625 0.071875 0.0703125
1 0.546875 0.371875 0.075 0.0546875
1 0.5046875 0.58515625 0.0828125 0.078125
1 0.40234375 0.77265625 0.08125 0.0546875
6 0.30078125 0.52109375 0.2609375 0.271875