0 0.85078125 0.15234375 0.0140625 0.046875
0 0.2671875 0.1390625 0.05625 0.021875
0 0.20625 0.2890625 0.0515625 0.01875
0 0.20625 0.5796875 0.05 0.021875
0 0.62265625 0.92109375 0.053125 0.0140625
0 0.85234375 0.90390625 0.0109375 0.046875
8 0.85 0.503125 0.0140625 0.0546875
8 0.85 0.36875 0.015625 0.046875
8 0.76171875 0.1390625 0.05 0.01875
8 0.5765625 0.1390625 0.05 0.0203125
8 0.25390625 0.21953125 0.0171875 0.103125
8 0.18984375 0.48125 0.01875 0.09375
8 0.43046875 0.5796875 0.053125 0.021875
8 0.60234375 0.77890625 0.0125 0.234375
8 0.72734375 0.92109375 0.0515625 0.0125
1 0.63515625 0.615625 0.03125 0.0421875
1 0.534375 0.5046875 0.046875 0.0609375
1 0.59296875 0.44140625 0.028125 0.034375
1 0.634375 0.43046875 0.046875 0.0375
1 0.478125 0.4296875 0.046875 0.0390625
1 0.47734375 0.34296875 0.046875 0.040625
1 0.3828125 0.42734375 0.046875 0.0375
1 0.63671875 0.30546875 0.028125 0.03125
1 0.7015625 0.30546875 0.0296875 0.03125
1 0.7421875 0.34453125 0.046875 0.0390625
1 0.69921875 0.3828125 0.028125 0.03125
2 0.27890625 0.56953125 0.046875 0.040625
2 0.38125 0.14921875 0.046875 0.040625