0 0.121875 0.909375 0.0328125 0.0125
0 0.0921875 0.63125 0.0328125 0.0125
0 0.0921875 0.3296875 0.0328125 0.009375
0 0.34921875 0.3484375 0.00625 0.046875
0 0.459375 0.14921875 0.034375 0.0125
0 0.82109375 0.14921875 0.0328125 0.0125
0 0.31484375 0.909375 0.034375 0.0125
8 0.10859375 0.77109375 0.00625 0.1359375
8 0.1578125 0.4734375 0.009375 0.090625
8 0.74375 0.4421875 0.0078125 0.0921875
8 0.74375 0.634375 0.0078125 0.090625
1 0.184375 0.5703125 0.0625 0.0765625
1 0.36875 0.8328125 0.0421875 0.065625
1 0.48984375 0.85625 0.05 0.0625
1 0.71875 0.80859375 0.0578125 0.06875
1 0.3421875 0.7140625 0.04375 0.06875
6 0.84609375 0.815625 0.196875 0.134375
0 0.73125 0.909375 0.0328125 0.0125
6 0.60546875 0.80703125 0.26875 0.19375