0 0.821875 0.16328125 0.0109375 0.0125
0 0.821875 0.40703125 0.0109375 0.0125
0 0.71171875 0.40703125 0.0109375 0.0125
0 0.821875 0.52265625 0.0109375 0.0125
0 0.71171875 0.52265625 0.0109375 0.0125
0 0.5453125 0.16328125 0.0109375 0.0125
0 0.5453125 0.20234375 0.0109375 0.0125
0 0.37421875 0.20234375 0.0109375 0.0125
0 0.60703125 0.3390625 0.0109375 0.0125
0 0.4921875 0.40703125 0.0109375 0.0125
0 0.4921875 0.52265625 0.0109375 0.0125
0 0.821875 0.6265625 0.0109375 0.0125
0 0.58203125 0.62109375 0.0109375 0.0125
0 0.821875 0.746875 0.0109375 0.0125
0 0.70078125 0.75546875 0.0078125 0.01875
0 0.37578125 0.3390625 0.0109375 0.0125
0 0.11484375 0.40703125 0.0109375 0.0125
0 0.11484375 0.56640625 0.0125 0.0140625
0 0.265625 0.56640625 0.0125 0.0140625
0 0.4921875 0.66484375 0.0109375 0.0125
0 0.50625 0.75546875 0.0078125 0.01875
0 0.3640625 0.66484375 0.0109375 0.0125
0 0.3640625 0.71328125 0.0109375 0.0125
0 0.11484375 0.7203125 0.0109375 0.0125
1 0.4421875 0.26640625 0.040625 0.040625
1 0.5765625 0.31875 0.040625 0.040625
1 0.53125 0.42109375 0.040625 0.040625
1 0.7296875 0.44921875 0.04375 0.028125
1 0.353125 0.38359375 0.046875 0.034375
1 0.7296875 0.56171875 0.04375 0.028125
1 0.59765625 0.584375 0.04375 0.028125
1 0.50703125 0.64375 0.040625 0.028125
6 0.19375 0.484375 0.146875 0.1515625
0 0.11484375 0.20234375 0.0109375 0.0140625