0 0.85 0.078125 0.0125 0.025
0 0.85 0.3515625 0.0125 0.0265625
0 0.84921875 0.69921875 0.0125 0.025
0 0.85 0.934375 0.0125 0.0265625
0 0.55859375 0.934375 0.0125 0.0265625
0 0.2671875 0.934375 0.0125 0.025
0 0.55859375 0.715625 0.0125 0.025
0 0.0703125 0.69921875 0.0125 0.025
0 0.06953125 0.35 0.0125 0.025
0 0.06953125 0.09296875 0.0125 0.0265625
0 0.5203125 0.0765625 0.0125 0.025
0 0.56640625 0.35 0.0125 0.025
0 0.56640625 0.57109375 0.0125 0.025
8 0.6515625 0.03671875 0.071875 0.0125
8 0.71875 0.03671875 0.071875 0.015625
8 0.85 0.14140625 0.015625 0.05625
8 0.84921875 0.19453125 0.01875 0.05625
8 0.23359375 0.084375 0.071875 0.0125
8 0.30078125 0.08515625 0.071875 0.015625
8 0.06953125 0.215625 0.015625 0.059375
8 0.06953125 0.26953125 0.0203125 0.0578125
8 0.0703125 0.52265625 0.0171875 0.0578125
8 0.0703125 0.5765625 0.021875 0.059375
8 0.2671875 0.79921875 0.01875 0.0578125
8 0.2671875 0.85234375 0.0234375 0.0578125
8 0.37890625 0.9421875 0.071875 0.0125
8 0.44609375 0.9421875 0.071875 0.0125
8 0.6703125 0.94296875 0.071875 0.0125
8 0.7375 0.94296875 0.071875 0.0171875
8 0.85 0.79921875 0.0171875 0.059375
8 0.84921875 0.85390625 0.021875 0.059375
1 0.646875 0.59296875 0.0515625 0.034375
1 0.528125 0.71875 0.046875 0.0359375
1 0.5890625 0.71875 0.046875 0.034375