0 0.86015625 0.28828125 0.0234375 0.1453125
0 0.48359375 0.29609375 0.0359375 0.1609375
0 0.85703125 0.71796875 0.03125 0.103125
0 0.56796875 0.7515625 0.2046875 0.03125
0 0.2671875 0.7515625 0.12890625 0.0296875
1 0.521875 0.46328125 0.0640625 0.0171875
1 0.63203125 0.509375 0.0140625 0.071875
1 0.6 0.55 0.05 0.01015625
1 0.7359375 0.5515625 0.04921875 0.0109375
1 0.17265625 0.759375 0.071875 0.02265625
8 0.55625 0.2234375 0.125 0.01953125
8 0.7703125 0.22421875 0.16171875 0.0171875
8 0.8640625 0.4484375 0.0140625 0.10625
8 0.390625 0.35546875 0.16484375 0.0203125
8 0.2078125 0.35390625 0.08046875 0.0171875
7 0.77578125 0.665625 0.05390625 0.01640625
7 0.5609375 0.66484375 0.05234375 0.0171875