8 0.74140625 0.83828125 0.090625 0.0546875
8 0.3734375 0.840625 0.0984375 0.053125
8 0.171875 0.32265625 0.06875 0.1125
8 0.2515625 0.1921875 0.09375 0.053125
8 0.55546875 0.1140625 0.096875 0.0546875
8 0.73828125 0.1109375 0.0953125 0.0546875
0 0.84453125 0.83828125 0.0296875 0.0546875
0 0.84609375 0.1125 0.0296875 0.053125
0 0.14921875 0.19140625 0.0265625 0.05
0 0.14765625 0.840625 0.0296875 0.05
1 0.6890625 0.58046875 0.0953125 0.075
1 0.68046875 0.51171875 0.065625 0.046875
1 0.68828125 0.38359375 0.078125 0.0546875
1 0.6125 0.3203125 0.0625 0.053125
1 0.38984375 0.20390625 0.071875 0.078125
1 0.39765625 0.45234375 0.0828125 0.0828125
1 0.303125 0.38203125 0.090625 0.071875
8 0.84609375 0.47578125 0.034375 0.08125