0 0.16796875 0.10078125 0.034375 0.0625
0 0.8234375 0.10078125 0.0359375 0.0609375
0 0.82890625 0.8609375 0.025 0.065625
0 0.16796875 0.771875 0.0375 0.034375
1 0.67734375 0.74140625 0.059375 0.040625
1 0.57265625 0.74140625 0.059375 0.0421875
1 0.421875 0.74296875 0.05625 0.0390625
1 0.45625 0.5609375 0.059375 0.040625
1 0.5359375 0.5640625 0.059375 0.040625
1 0.28515625 0.39296875 0.05625 0.0390625
1 0.4890625 0.42421875 0.059375 0.0421875
1 0.66875 0.33984375 0.0546875 0.046875
1 0.61796875 0.2875 0.0671875 0.046875
1 0.30703125 0.08984375 0.05625 0.0390625
8 0.1671875 0.72265625 0.034375 0.0640625
8 0.16796875 0.6234375 0.034375 0.0625
8 0.16796875 0.48515625 0.0359375 0.059375
8 0.16796875 0.21640625 0.034375 0.1125
8 0.740625 0.08671875 0.059375 0.034375
8 0.8234375 0.1703125 0.034375 0.059375
8 0.8234375 0.475 0.034375 0.059375
8 0.8234375 0.6234375 0.034375 0.065625
8 0.82265625 0.7203125 0.034375 0.0640625
8 0.21953125 0.771875 0.065625 0.034375
8 0.2515625 0.08671875 0.05625 0.034375
8 0.36328125 0.08671875 0.05625 0.034375
8 0.49453125 0.08671875 0.04375 0.034375
6 0.70390625 0.47578125 0.203125 0.1296875