1 0.42890625 0.13984375 0.03125 0.040625
8 0.371875 0.12265625 0.065625 0.00625
0 0.1875 0.13046875 0.00625 0.021875
1 0.2703125 0.6015625 0.04375 0.053125
8 0.18671875 0.79140625 0.00625 0.15
0 0.18671875 0.91015625 0.0046875 0.025
8 0.37734375 0.9203125 0.065625 0.00625
0 0.7078125 0.9109375 0.00625 0.025
8 0.6546875 0.9203125 0.065625 0.00625
5 0.7078125 0.7875 0.00625 0.13125
5 0.77578125 0.65859375 0.0875 0.0078125
8 0.8453125 0.49453125 0.00625 0.103125
6 0.6265625 0.4359375 0.090625 0.2
1 0.603125 0.553125 0.028125 0.0359375
1 0.52109375 0.50390625 0.034375 0.04375
1 0.46953125 0.50234375 0.040625 0.05
1 0.4796875 0.4359375 0.0296875 0.0375
0 0.675 0.12890625 0.0046875 0.01875