0 0.27421875 0.0765625 0.0046875 0.0171875
0 0.29453125 0.93828125 0.0046875 0.0140625
0 0.740625 0.65546875 0.0046875 0.021875
0 0.734375 0.07109375 0.0171875 0.00625
8 0.740625 0.1875 0.0046875 0.0921875
8 0.740625 0.3515625 0.0046875 0.0859375
5 0.740625 0.525 0.0046875 0.1203125
8 0.59765625 0.75 0.0046875 0.0765625
8 0.571875 0.834375 0.0203125 0.0078125
8 0.38203125 0.94296875 0.05 0.0046875
8 0.30703125 0.4328125 0.0046875 0.03125
8 0.30703125 0.34921875 0.0046875 0.03125
8 0.27421875 0.24296875 0.0046875 0.03125
8 0.27421875 0.18984375 0.0046875 0.06875
8 0.27421875 0.13671875 0.0046875 0.0328125
8 0.2953125 0.071875 0.025 0.00625
8 0.4015625 0.07109375 0.025 0.00625
8 0.4859375 0.07109375 0.0609375 0.00625
1 0.45625 0.9125 0.03125 0.04375
1 0.48359375 0.84375 0.021875 0.025
1 0.5515625 0.6234375 0.028125 0.03125
1 0.51953125 0.55703125 0.028125 0.0375
1 0.509375 0.49921875 0.0296875 0.0421875
1 0.54296875 0.42890625 0.028125 0.040625
1 0.32109375 0.390625 0.0328125 0.0453125
1 0.57578125 0.175 0.0203125 0.021875
1 0.5328125 0.13125 0.03125 0.04375
5 0.496875 0.71953125 0.0046875 0.090625
6 0.4359375 0.4296875 0.1375 0.0734375