0 0.0984375 0.76484375 0.034375 0.015625
0 0.6421875 0.76484375 0.0359375 0.015625
0 0.94765625 0.76484375 0.034375 0.015625
0 0.9171875 0.50546875 0.034375 0.0171875
0 0.8953125 0.221875 0.034375 0.01875
0 0.6375 0.221875 0.0375 0.0171875
0 0.09921875 0.22265625 0.034375 0.0171875
8 0.08828125 0.36796875 0.0171875 0.096875
8 0.1609375 0.221875 0.08125 0.021875
8 0.3609375 0.76484375 0.08125 0.025
8 0.540625 0.76484375 0.0796875 0.0234375
8 0.84140625 0.76484375 0.078125 0.021875
8 0.95859375 0.63515625 0.015625 0.0984375
8 0.90625 0.36796875 0.015625 0.096875
8 0.75859375 0.22265625 0.078125 0.0203125
8 0.53359375 0.221875 0.078125 0.021875
8 0.33125 0.221875 0.0796875 0.021875
1 0.42578125 0.2625 0.05 0.0625
1 0.475 0.3890625 0.05625 0.06875
1 0.6421875 0.2640625 0.046875 0.0640625
1 0.75625 0.5328125 0.0515625 0.059375
1 0.709375 0.59921875 0.05 0.0640625
8 0.50859375 0.56171875 0.01875 0.103125
8 0.62734375 0.66171875 0.009375 0.1
0 0.45 0.61640625 0.034375 0.015625
6 0.178125 0.6265625 0.165625 0.2578125