0 0.82734375 0.05546875 0.0359375 0.009375
0 0.909375 0.05546875 0.03125 0.009375
0 0.91953125 0.0703125 0.009375 0.01875
0 0.08984375 0.05546875 0.0375 0.009375
0 0.08984375 0.32734375 0.0375 0.009375
0 0.315625 0.32734375 0.0375 0.009375
0 0.50625 0.32734375 0.0375 0.009375
0 0.53203125 0.5265625 0.0375 0.009375
0 0.82734375 0.5265625 0.0375 0.009375
0 0.31484375 0.52734375 0.0359375 0.009375
0 0.828125 0.975 0.0375 0.0109375
0 0.5328125 0.975 0.0359375 0.0109375
0 0.30234375 0.97578125 0.0359375 0.0109375
0 0.08984375 0.97578125 0.0375 0.0109375
0 0.0765625 0.9609375 0.009375 0.01875
0 0.08984375 0.628125 0.0375 0.009375
1 0.4890625 0.44765625 0.0703125 0.059375
1 0.40546875 0.4890625 0.06875 0.059375
1 0.8109375 0.725 0.06875 0.059375
8 0.84140625 0.59140625 0.009375 0.1203125
8 0.840625 0.86796875 0.009375 0.115625
8 0.69296875 0.97578125 0.1203125 0.0109375
8 0.40078125 0.975 0.121875 0.0109375
5 0.2890625 0.71953125 0.0125 0.1109375
5 0.2890625 0.88984375 0.0125 0.1125
5 0.19375 0.628125 0.115625 0.0109375
6 0.64921875 0.578125 0.253125 0.09375
8 0.0765625 0.46953125 0.009375 0.171875
5 0.91875 0.290625 0.0125 0.278125