0 0.81484375 0.17578125 0.0125 0.053125
0 0.81484375 0.9109375 0.0125 0.0546875
0 0.13984375 0.91171875 0.0125 0.0546875
0 0.0515625 0.5 0.0109375 0.0546875
0 0.0515625 0.17578125 0.0109375 0.0546875
8 0.81484375 0.728125 0.0125 0.20625
8 0.1390625 0.7546875 0.0125 0.209375
1 0.7078125 0.35703125 0.059375 0.08125
1 0.715625 0.46171875 0.075 0.0765625
1 0.61640625 0.565625 0.0578125 0.0796875
1 0.38984375 0.521875 0.084375 0.0875
1 0.190625 0.41328125 0.059375 0.0859375
6 0.4578125 0.3046875 0.2875 0.275