0 0.8671875 0.86484375 0.0140625 0.0390625
0 0.65859375 0.86484375 0.0140625 0.040625
0 0.48984375 0.86484375 0.0140625 0.0390625
0 0.18125 0.8640625 0.0140625 0.0390625
0 0.1875 0.43828125 0.028125 0.021875
0 0.1828125 0.2359375 0.0171875 0.0296875
0 0.346875 0.16328125 0.0140625 0.0390625
0 0.53046875 0.14609375 0.0140625 0.0390625
0 0.8671875 0.146875 0.0140625 0.0390625
0 0.8671875 0.45234375 0.0140625 0.0390625
0 0.53671875 0.46171875 0.025 0.0203125
5 0.75625 0.87890625 0.0890625 0.009375
5 0.36875 0.87890625 0.090625 0.009375
5 0.2375 0.87890625 0.090625 0.009375
8 0.4328125 0.14921875 0.0859375 0.0109375
8 0.8703125 0.55546875 0.0078125 0.084375
5 0.65546875 0.57734375 0.00625 0.084375
5 0.47421875 0.33671875 0.0796875 0.00625
1 0.63515625 0.815625 0.046875 0.059375
1 0.62890625 0.71640625 0.05 0.059375
1 0.578125 0.6359375 0.0484375 0.0625
1 0.51171875 0.56328125 0.04375 0.059375
1 0.4625 0.44453125 0.040625 0.0546875
1 0.23984375 0.39375 0.05 0.059375
1 0.2734375 0.39140625 0.053125 0.071875
1 0.3859375 0.33359375 0.0484375 0.0640625
1 0.57578125 0.49609375 0.0484375 0.0625
1 0.63515625 0.4953125 0.046875 0.05
8 0.17890625 0.684375 0.0078125 0.084375
8 0.17890625 0.775 0.0078125 0.084375