1 0.27421875 0.79375 0.046875 0.10625
1 0.34140625 0.44375 0.040625 0.0828125
1 0.2921875 0.384375 0.0390625 0.075
1 0.5015625 0.43828125 0.046875 0.078125
1 0.4484375 0.321875 0.046875 0.1015625
8 0.15546875 0.36328125 0.0296875 0.1015625
8 0.134375 0.5828125 0.0484375 0.14375
0 0.14765625 0.27421875 0.01875 0.0734375
0 0.14609375 0.81015625 0.0171875 0.0796875
0 0.81328125 0.81015625 0.01875 0.0765625
0 0.8171875 0.2765625 0.0109375 0.071875
0 0.4796875 0.27890625 0.021875 0.06875
0 0.48359375 0.82421875 0.0203125 0.0328125
8 0.440625 0.82265625 0.0609375 0.065625
8 0.5203125 0.82265625 0.046875 0.05
8 0.66953125 0.8234375 0.053125 0.0625
8 0.73828125 0.82421875 0.046875 0.05