0 0.23671875 0.15625 0.015625 0.07578125
0 0.43125 0.1625 0.01875 0.06640625
0 0.59140625 0.16640625 0.0171875 0.05625
0 0.8203125 0.128125 0.01953125 0.05625
0 0.80703125 0.42109375 0.04453125 0.021875
0 0.80703125 0.571875 0.04375 0.0203125
0 0.80625 0.81484375 0.04296875 0.021875
0 0.634375 0.665625 0.04921875 0.02109375
0 0.46875 0.68203125 0.0171875 0.0578125
0 0.23671875 0.58359375 0.01640625 0.05625
0 0.43125 0.5171875 0.01796875 0.05546875
0 0.6046875 0.5015625 0.04375 0.0234375
1 0.42734375 0.634375 0.0109375 0.0625
1 0.653125 0.57578125 0.009375 0.0578125
1 0.68125 0.49765625 0.0671875 0.0125
1 0.5234375 0.49765625 0.05234375 0.0125
1 0.56640625 0.425 0.0578125 0.0140625
1 0.625 0.42578125 0.0578125 0.0140625
1 0.7640625 0.3984375 0.04609375 0.01328125
8 0.46875 0.746875 0.01796875 0.07109375
1 0.26953125 0.60546875 0.0578125 0.0140625
7 0.48671875 0.665625 0.0296875 0.02109375
7 0.5390625 0.665625 0.0359375 0.021875
7 0.5921875 0.665625 0.028125 0.02109375
8 0.7171875 0.1109375 0.12890625 0.02109375
8 0.5109375 0.184375 0.09765625 0.02109375
5 0.33515625 0.18359375 0.1640625 0.0234375
8 0.8203125 0.69375 0.01640625 0.1265625
7 0.78984375 0.4921875 0.0171875 0.04765625