0 0.54609375 0.1515625 0.02578125 0.0203125
0 0.121875 0.1515625 0.02578125 0.0203125
0 0.1203125 0.87890625 0.02265625 0.03828125
0 0.546875 0.87890625 0.02265625 0.03828125
0 0.87890625 0.703125 0.0328125 0.0265625
0 0.5546875 0.7125 0.0328125 0.0265625
0 0.87890625 0.44296875 0.0328125 0.02578125
0 0.546875 0.3625 0.02265625 0.0390625
0 0.48359375 0.375 0.025 0.0203125
0 0.48359375 0.43671875 0.025 0.01953125
8 0.11953125 0.64609375 0.01953125 0.075
8 0.196875 0.88984375 0.11875 0.01640625
8 0.4296875 0.88984375 0.14375 0.0171875
8 0.50859375 0.43359375 0.02265625 0.00703125
8 0.55234375 0.21953125 0.01171875 0.1125
1 0.33046875 0.1703125 0.040625 0.0578125
1 0.446875 0.3140625 0.04140625 0.05703125
1 0.44765625 0.34375 0.04140625 0.05390625
1 0.46796875 0.40546875 0.05625 0.04140625
1 0.49375 0.54765625 0.0453125 0.04765625
1 0.60859375 0.46171875 0.04140625 0.06328125
1 0.6203125 0.50859375 0.040625 0.05234375
1 0.71171875 0.55234375 0.0328125 0.03828125
1 0.62109375 0.59609375 0.040625 0.05234375
1 0.665625 0.596875 0.04140625 0.05234375
1 0.61875 0.684375 0.04609375 0.0640625
1 0.33359375 0.40078125 0.0375 0.03984375
1 0.33359375 0.44296875 0.0375 0.03984375
2 0.1328125 0.35703125 0.04609375 0.0625
2 0.1328125 0.4890625 0.04609375 0.0625
2 0.87265625 0.503125 0.046875 0.06328125
2 0.7765625 0.6890625 0.0640625 0.05390625
0 0.1203125 0.43828125 0.02265625 0.040625