8 0.98515625 0.3765625 0.0296875 0.0796875
8 0.19140625 0.4265625 0.028125 0.0390625
8 0.19140625 0.5921875 0.028125 0.08125
8 0.18671875 0.784375 0.01875 0.159375
8 0.47578125 0.909375 0.053125 0.021875
1 0.66953125 0.6515625 0.0671875 0.08125
1 0.41953125 0.515625 0.04375 0.0625
1 0.34765625 0.47265625 0.04375 0.0609375
1 0.43671875 0.41953125 0.053125 0.046875
6 0.609375 0.4265625 0.14375 0.11875
1 0.73359375 0.459375 0.06875 0.084375
2 0.96484375 0.1890625 0.0703125 0.0875
1 0.31171875 0.340625 0.06875 0.0453125
1 0.75859375 0.7234375 0.0625 0.046875
0 0.18671875 0.890625 0.01875 0.05625
0 0.77890625 0.89140625 0.01875 0.05625
0 0.2890625 0.07734375 0.021875 0.059375
0 0.98671875 0.07890625 0.0265625 0.0578125