0 0.8859375 0.2703125 0.0375 0.03046875
0 0.5484375 0.2703125 0.03984375 0.03046875
0 0.1984375 0.27109375 0.03984375 0.0328125
0 0.1984375 0.521875 0.0453125 0.0328125
0 0.5359375 0.5171875 0.05234375 0.0328125
0 0.8859375 0.52265625 0.04140625 0.03203125
1 0.346875 0.6421875 0.04609375 0.0109375
1 0.4125 0.6109375 0.0546875 0.01015625
1 0.52109375 0.571875 0.040625 0.009375
1 0.6265625 0.55 0.0109375 0.03515625
1 0.58125 0.5140625 0.04296875 0.009375
1 0.3765625 0.53359375 0.0125 0.03359375
1 0.403125 0.5109375 0.04140625 0.01015625
1 0.321875 0.51015625 0.0109375 0.03515625
8 0.30625 0.35859375 0.09140625 0.0109375
8 0.440625 0.359375 0.08984375 0.01015625
8 0.65234375 0.359375 0.09375 0.01171875
8 0.78046875 0.44765625 0.009375 0.078125
8 0.6265625 0.61328125 0.01640625 0.03515625
8 0.57890625 0.6046875 0.01875 0.02890625
8 0.23125 0.55625 0.03046875 0.0140625