0 0.159375 0.20703125 0.04453125 0.0328125
0 0.5578125 0.20546875 0.0390625 0.0265625
0 0.88046875 0.20546875 0.03984375 0.025
0 0.88046875 0.6328125 0.03984375 0.0234375
0 0.6296875 0.828125 0.03046875 0.01328125
0 0.41484375 0.4578125 0.03984375 0.0171875
0 0.35078125 0.828125 0.0390625 0.0140625
8 0.22734375 0.81328125 0.06640625 0.025
8 0.81796875 0.63359375 0.0640625 0.02421875
8 0.5015625 0.20546875 0.0671875 0.0265625
8 0.14453125 0.36953125 0.01640625 0.09921875
1 0.4140625 0.82890625 0.06875 0.01796875
1 0.4578125 0.4 0.0484375 0.0765625
1 0.50703125 0.42265625 0.04921875 0.07109375
1 0.6640625 0.4921875 0.05390625 0.08984375
1 0.60703125 0.1765625 0.046875 0.08828125
1 0.5875 0.59765625 0.04765625 0.06953125
1 0.66015625 0.7140625 0.0515625 0.0734375
1 0.5328125 0.6078125 0.04375 0.075
1 0.40234375 0.6046875 0.04921875 0.07890625