0 0.08125 0.1234375 0.025 0.0078125
0 0.0734375 0.1359375 0.009375 0.015625
0 0.9078125 0.57578125 0.009375 0.025
0 0.89453125 0.58359375 0.0171875 0.0078125
8 0.84609375 0.1234375 0.0453125 0.0078125
8 0.63515625 0.1234375 0.075 0.0078125
8 0.4734375 0.1234375 0.075 0.0078125
8 0.07421875 0.315625 0.009375 0.228125
8 0.0734375 0.73203125 0.009375 0.1421875
8 0.18046875 0.8609375 0.146875 0.0078125
8 0.45234375 0.8609375 0.146875 0.0078125
8 0.5546875 0.73203125 0.009375 0.140625
1 0.5828125 0.4984375 0.05 0.05
8 0.9078125 0.459375 0.009375 0.071875
8 0.81171875 0.58359375 0.075 0.0078125
1 0.70625 0.4375 0.06875 0.075
1 0.84296875 0.31328125 0.0453125 0.05
1 0.5796875 0.37578125 0.0453125 0.05
1 0.5234375 0.37578125 0.0453125 0.05
2 0.41484375 0.453125 0.053125 0.084375
2 0.0953125 0.5640625 0.053125 0.084375