0 0.11953125 0.18515625 0.0328125 0.0171875
0 0.121875 0.81875 0.0375 0.0171875
0 0.9140625 0.81875 0.0359375 0.0171875
0 0.915625 0.18515625 0.0328125 0.0171875
8 0.11015625 0.33515625 0.0140625 0.1390625
8 0.11015625 0.6890625 0.0140625 0.1390625
8 0.6203125 0.7359375 0.0109375 0.115625
8 0.92734375 0.68203125 0.009375 0.115625
8 0.92734375 0.35078125 0.009375 0.1390625
8 0.54296875 0.4640625 0.1421875 0.0125
1 0.1359375 0.51640625 0.065625 0.09375
1 0.3515625 0.44296875 0.05 0.05625
1 0.41015625 0.44296875 0.05 0.0546875
1 0.64609375 0.57734375 0.04375 0.046875
1 0.69140625 0.44296875 0.05 0.05625
1 0.903125 0.5125 0.0578125 0.08125
6 0.44140625 0.640625 0.1125 0.340625