0 0.91875 0.85703125 0.0140625 0.0046875
0 0.534375 0.85703125 0.015625 0.0046875
0 0.91875 0.60546875 0.015625 0.0046875
0 0.534375 0.60546875 0.0140625 0.0046875
0 0.13046875 0.753125 0.0078125 0.0125
0 0.1328125 0.55859375 0.0078125 0.0125
0 0.13203125 0.3828125 0.0078125 0.0125
0 0.13203125 0.23203125 0.0078125 0.0125
0 0.4421875 0.22890625 0.0140625 0.0046875
0 0.44765625 0.1625 0.0078125 0.0125
0 0.35625 0.38671875 0.0140625 0.003125
0 0.45078125 0.3875 0.0140625 0.00625
0 0.5296875 0.3125 0.00625 0.0125
0 0.56875 0.30546875 0.0078125 0.0125
0 0.56875 0.1625 0.0078125 0.0109375
8 0.921875 0.73046875 0.009375 0.065625
8 0.40625 0.75546875 0.05 0.009375
8 0.27421875 0.75546875 0.125 0.009375
8 0.13203125 0.4625 0.009375 0.0671875
8 0.13125 0.30625 0.009375 0.078125
8 0.284375 0.22890625 0.1234375 0.0078125
8 0.56953125 0.19453125 0.0078125 0.034375
8 0.5296875 0.38828125 0.00625 0.034375
1 0.5453125 0.834375 0.0390625 0.0359375
1 0.5453125 0.62890625 0.0390625 0.0359375
1 0.46796875 0.540625 0.0328125 0.03125
1 0.46640625 0.7375 0.0625 0.04375
1 0.51640625 0.26875 0.034375 0.03125
1 0.4796875 0.21484375 0.05 0.0375
1 0.40078125 0.24765625 0.0640625 0.04375
6 0.49296875 0.4 0.075 0.190625