0 0.828125 0.13046875 0.0453125 0.01796875
0 0.8390625 0.51328125 0.0234375 0.04296875
0 0.828125 0.87578125 0.0453125 0.0171875
0 0.353125 0.87578125 0.0453125 0.01640625
0 0.35234375 0.60546875 0.046875 0.0234375
0 0.1203125 0.4609375 0.04609375 0.021875
0 0.1203125 0.28203125 0.04609375 0.0109375
0 0.1203125 0.12578125 0.04609375 0.00859375
0 0.53671875 0.13046875 0.04609375 0.01796875
8 0.43359375 0.1265625 0.06171875 0.01171875
8 0.8390625 0.2171875 0.0265625 0.05859375
8 0.8390625 0.32109375 0.0265625 0.05078125
8 0.8390625 0.4265625 0.02734375 0.0890625
8 0.8390625 0.61171875 0.028125 0.08984375
8 0.8390625 0.70390625 0.02734375 0.090625
8 0.10859375 0.36875 0.02890625 0.06171875
1 0.48671875 0.25390625 0.06640625 0.07109375
1 0.6140625 0.315625 0.053125 0.046875
1 0.56015625 0.24765625 0.06328125 0.0609375
1 0.5515625 0.4375 0.07890625 0.07265625
1 0.4125 0.55 0.096875 0.07109375
2 0.4578125 0.85546875 0.096875 0.06484375