0 0.8578125 0.11796875 0.0359375 0.021875
0 0.14921875 0.87421875 0.0453125 0.015625
0 0.41171875 0.11875 0.0546875 0.021875
8 0.4953125 0.87421875 0.2015625 0.015625
8 0.86953125 0.35625 0.0125 0.18125
8 0.1328125 0.5921875 0.0140625 0.1859375
1 0.4921875 0.26015625 0.0640625 0.090625
1 0.415625 0.453125 0.0640625 0.090625
1 0.4921875 0.453125 0.0640625 0.090625
1 0.43359375 0.5421875 0.0578125 0.0625
1 0.36171875 0.8125 0.0625 0.0921875
5 0.20234375 0.796875 0.1046875 0.009375
6 0.69375 0.7359375 0.3390625 0.2625
0 0.84375 0.87421875 0.0640625 0.015625
8 0.86953125 0.7359375 0.0125 0.18125
1 0.5640625 0.56875 0.065625 0.071875