0 0.06796875 0.621875 0.00625 0.021875
0 0.8359375 0.8796875 0.00625 0.0234375
0 0.92265625 0.20078125 0.00625 0.021875
0 0.06796875 0.35703125 0.00625 0.0171875
1 0.39375 0.40625 0.040625 0.0375
1 0.45078125 0.615625 0.065625 0.0453125
1 0.57109375 0.16015625 0.071875 0.05
8 0.79375 0.19296875 0.1109375 0.00625
8 0.92265625 0.28828125 0.00625 0.071875
8 0.87890625 0.465625 0.00625 0.071875
8 0.87890625 0.63359375 0.00625 0.1046875
8 0.8359375 0.8078125 0.00625 0.0703125
6 0.45703125 0.24375 0.1578125 0.209375
5 0.46875 0.3828125 0.1 0.00625
8 0.42578125 0.1375 0.05625 0.00625