0 0.1828125 0.45 0.0359375 0.0140625
0 0.359375 0.384375 0.0359375 0.0125
8 0.1953125 0.54453125 0.0109375 0.0796875
8 0.1703125 0.678125 0.0078125 0.04375
8 0.13359375 0.8078125 0.0078125 0.0515625
8 0.29921875 0.92421875 0.08125 0.015625
8 0.4578125 0.63671875 0.08125 0.015625
8 0.63671875 0.63671875 0.0515625 0.015625
8 0.74296875 0.73203125 0.08125 0.0140625
8 0.30078125 0.1953125 0.08125 0.015625
8 0.4375 0.1953125 0.0609375 0.015625
8 0.515625 0.25234375 0.0203125 0.0125
8 0.56484375 0.28828125 0.0203125 0.0125
8 0.59921875 0.16484375 0.0328125 0.0140625
8 0.71171875 0.1640625 0.0390625 0.015625
1 0.1828125 0.421875 0.03125 0.04375
1 0.1828125 0.48125 0.0359375 0.0484375
1 0.2140625 0.6453125 0.028125 0.03125
1 0.1875 0.8234375 0.0328125 0.0453125
1 0.24296875 0.82265625 0.0328125 0.0453125
1 0.3828125 0.6484375 0.0359375 0.040625
1 0.346875 0.4171875 0.0390625 0.053125
1 0.34765625 0.48203125 0.0375 0.053125
1 0.45 0.3703125 0.0359375 0.0421875
1 0.49140625 0.375 0.028125 0.0328125
1 0.5609375 0.375 0.0265625 0.03125
1 0.565625 0.2578125 0.034375 0.05
1 0.715625 0.3734375 0.03125 0.0328125
1 0.67734375 0.1546875 0.0296875 0.0328125
1 0.78125 0.1546875 0.0296875 0.0328125
1 0.81875 0.1578125 0.0265625 0.028125
1 0.85078125 0.35234375 0.0375 0.0515625
1 0.67734375 0.64609375 0.03125 0.034375
0 0.78828125 0.05390625 0.0359375 0.015625
0 0.67109375 0.05390625 0.0359375 0.015625
0 0.8015625 0.14453125 0.0109375 0.05625
0 0.8640625 0.31875 0.0109375 0.015625
0 0.86328125 0.47578125 0.0125 0.0546875
0 0.8640625 0.753125 0.009375 0.05625
0 0.7546875 0.3640625 0.0078125 0.053125
0 0.6578125 0.3640625 0.0109375 0.053125
0 0.5828125 0.378125 0.015625 0.0234375
0 0.69765625 0.746875 0.0109375 0.065625
0 0.53046875 0.65078125 0.0078125 0.065625
0 0.57890625 0.1453125 0.0078125 0.053125
0 0.47265625 0.3640625 0.0109375 0.0546875
0 0.53125 0.22578125 0.0109375 0.0703125
0 0.47265625 0.1765625 0.0109375 0.053125
0 0.34609375 0.1765625 0.009375 0.053125
0 0.40859375 0.94375 0.0078125 0.0546875
0 0.25390625 0.94375 0.0109375 0.053125
0 0.13359375 0.8921875 0.00625 0.0328125
0 0.16015625 0.63671875 0.0609375 0.015625
0 0.25390625 0.65625 0.0109375 0.0546875
0 0.409375 0.6453125 0.0171875 0.0328125