0 0.9046875 0.78828125 0.0390625 0.0125
0 0.528125 0.7890625 0.0390625 0.0125
0 0.3828125 0.54296875 0.0390625 0.0109375
0 0.3828125 0.115625 0.040625 0.0125
0 0.6375 0.11640625 0.0390625 0.0125
0 0.665625 0.47421875 0.0390625 0.0125
0 0.07890625 0.54296875 0.0390625 0.0109375
0 0.07890625 0.7890625 0.0390625 0.0125
0 0.9046875 0.47421875 0.040625 0.0125
8 0.91953125 0.63203125 0.0125 0.1375
8 0.78515625 0.47421875 0.1296875 0.0109375
8 0.6515625 0.2953125 0.0109375 0.1375
8 0.06484375 0.384375 0.009375 0.1359375
8 0.06484375 0.66640625 0.009375 0.1359375
1 0.684375 0.75 0.075 0.06875
1 0.5140625 0.57890625 0.06875 0.0609375
1 0.27421875 0.57734375 0.065625 0.078125
1 0.33984375 0.75390625 0.0671875 0.0625
8 0.4734375 0.7890625 0.059375 0.0125
8 0.39296875 0.7890625 0.059375 0.0125
2 0.3953125 0.1703125 0.046875 0.0953125
0 0.07890625 0.225 0.0390625 0.0125