0 0.88125 0.8359375 0.0234375 0.05
0 0.18515625 0.8359375 0.025 0.0515625
0 0.1859375 0.3828125 0.025 0.05
0 0.20390625 0.09921875 0.065625 0.01875
0 0.8609375 0.09921875 0.0640625 0.0203125
0 0.88125 0.3828125 0.025 0.0515625
8 0.184375 0.55 0.0359375 0.184375
8 0.18515625 0.225 0.0390625 0.1875
8 0.37265625 0.09921875 0.2359375 0.028125
8 0.88203125 0.246875 0.0359375 0.190625
8 0.88125 0.4984375 0.03125 0.146875
1 0.5421875 0.725 0.103125 0.071875
1 0.41875 0.72421875 0.1 0.071875
1 0.69453125 0.61640625 0.109375 0.071875
1 0.540625 0.56015625 0.103125 0.075
1 0.64453125 0.12109375 0.109375 0.075