0 0.2015625 0.78203125 0.025 0.01875
0 0.465625 0.78203125 0.025 0.01875
0 0.73125 0.78203125 0.025 0.01875
0 0.734375 0.5109375 0.025 0.01875
0 0.89765625 0.5109375 0.025 0.01875
0 0.8984375 0.23671875 0.025 0.01875
0 0.734375 0.2359375 0.025 0.01875
0 0.73125 0.1390625 0.025 0.01875
0 0.521875 0.1390625 0.025 0.01875
0 0.521875 0.5 0.025 0.01875
0 0.2015625 0.45546875 0.0265625 0.01875
0 0.2015625 0.3671875 0.025 0.01875
0 0.2015625 0.1390625 0.0265625 0.01875
8 0.7328125 0.6796875 0.021875 0.075
8 0.89921875 0.3734375 0.021875 0.125
8 0.63359375 0.1390625 0.053125 0.01875
8 0.4625 0.1390625 0.053125 0.01875
8 0.29609375 0.1390625 0.053125 0.01875
8 0.2 0.33515625 0.021875 0.034375
8 0.2 0.5875 0.021875 0.04375
8 0.3203125 0.78203125 0.053125 0.01875
1 0.425 0.6609375 0.059375 0.0625
1 0.36875 0.60859375 0.046875 0.046875
1 0.5328125 0.60859375 0.046875 0.0421875
1 0.5328125 0.53046875 0.046875 0.04375
1 0.3265625 0.4109375 0.071875 0.05
1 0.36640625 0.3328125 0.05625 0.05625
1 0.41640625 0.28359375 0.046875 0.0421875
1 0.7125 0.20390625 0.0625 0.046875
1 0.28984375 0.33515625 0.0484375 0.05