0 0.4890625 0.13515625 0.0296875 0.1140625
0 0.659375 0.25 0.0171875 0.21484375
0 0.77421875 0.528125 0.0140625 0.16171875
0 0.6578125 0.5359375 0.01640625 0.14296875
0 0.4875 0.6171875 0.02578125 0.10390625
0 0.87109375 0.25 0.01484375 0.21484375
0 0.2828125 0.36796875 0.015625 0.45625
8 0.5765625 0.16875 0.10546875 0.01328125
8 0.7296875 0.15 0.07890625 0.01328125
8 0.71484375 0.6 0.05546875 0.015625
8 0.575 0.5734375 0.1046875 0.0125
8 0.3546875 0.5921875 0.08125 0.01484375
8 0.3546875 0.1484375 0.0796875 0.01640625
7 0.46171875 0.1828125 0.025 0.01328125
7 0.4640625 0.57265625 0.02734375 0.0125
7 0.83671875 0.215625 0.0296875 0.01328125
1 0.8015625 0.3265625 0.00859375 0.03984375
1 0.77578125 0.38203125 0.009375 0.0578125
1 0.68359375 0.35 0.03984375 0.01171875
1 0.65546875 0.44453125 0.0078125 0.05
1 0.42734375 0.29375 0.00859375 0.03984375
1 0.42734375 0.35 0.01015625 0.05
1 0.4265625 0.4078125 0.00859375 0.0484375
1 0.47734375 0.4375 0.03125 0.0109375
1 0.775 0.6234375 0.0109375 0.04140625
1 0.815625 0.5921875 0.0078125 0.03984375