0 0.16640625 0.11875 0.0375 0.021875
0 0.16640625 0.43125 0.0375 0.021875
0 0.16640625 0.8359375 0.0375 0.021875
0 0.39140625 0.13046875 0.01875 0.0453125
0 0.3953125 0.4125 0.0140625 0.059375
0 0.61171875 0.13046875 0.01875 0.0453125
0 0.60859375 0.4125 0.0125 0.059375
0 0.61171875 0.82421875 0.01875 0.0453125
0 0.8640625 0.11875 0.0359375 0.021875
0 0.8640625 0.43359375 0.0375 0.021875
0 0.8640625 0.8359375 0.0375 0.021875
8 0.121875 0.68359375 0.0109375 0.153125
8 0.14140625 0.48359375 0.009375 0.0890625
0 0.39140625 0.82421875 0.01875 0.0453125
6 0.446875 0.66796875 0.09375 0.315625