5 0.37578125 0.93359375 0.165625 0.01875
2 0.7015625 0.85078125 0.075 0.078125
1 0.78203125 0.7390625 0.06875 0.075
8 0.92890625 0.659375 0.0296875 0.059375
1 0.62578125 0.50703125 0.084375 0.0484375
1 0.38515625 0.51171875 0.05625 0.053125
1 0.315625 0.4625 0.0625 0.046875
1 0.45390625 0.34765625 0.065625 0.0703125
1 0.5265625 0.346875 0.075 0.04375
1 0.45703125 0.4640625 0.05625 0.053125
8 0.07734375 0.43203125 0.028125 0.0578125
8 0.23984375 0.55859375 0.0265625 0.0328125
8 0.240625 0.66875 0.028125 0.059375
8 0.77734375 0.36796875 0.0265625 0.03125
0 0.09140625 0.52890625 0.059375 0.0171875
0 0.090625 0.06171875 0.059375 0.015625
0 0.76171875 0.0609375 0.0578125 0.015625
0 0.915625 0.76796875 0.059375 0.01875
0 0.70859375 0.93359375 0.059375 0.015625
0 0.2546875 0.93359375 0.0578125 0.0171875