0 0.14140625 0.0921875 0.015625 0.028125
0 0.396875 0.084375 0.0375 0.0125
0 0.6453125 0.0859375 0.0265625 0.0171875
0 0.88828125 0.0921875 0.0125 0.028125
0 0.8859375 0.42578125 0.015625 0.028125
0 0.62734375 0.43203125 0.0265625 0.0171875
0 0.396875 0.43359375 0.0375 0.0140625
0 0.1546875 0.43203125 0.015625 0.0171875
0 0.36484375 0.1859375 0.0125 0.01875
0 0.4578125 0.1859375 0.0125 0.01875
0 0.13984375 0.60078125 0.015625 0.028125
0 0.4046875 0.59296875 0.03125 0.0125
0 0.63203125 0.5953125 0.0265625 0.0171875
0 0.88671875 0.60078125 0.015625 0.028125
0 0.88671875 0.93359375 0.015625 0.028125
0 0.13984375 0.93359375 0.015625 0.028125
0 0.365625 0.69296875 0.0125 0.01875
0 0.45625 0.69296875 0.0125 0.01875
8 0.14140625 0.1671875 0.015625 0.10625
8 0.796875 0.21015625 0.0140625 0.0921875
8 0.75625 0.3421875 0.015625 0.1171875
6 0.4109375 0.30234375 0.0859375 0.115625
6 0.4109375 0.78125 0.0859375 0.175
8 0.13984375 0.7015625 0.0140625 0.0515625
8 0.13984375 0.8328125 0.0140625 0.0703125
5 0.33515625 0.6875 0.0390625 0.00625
8 0.55234375 0.73203125 0.015625 0.0359375
8 0.55234375 0.68984375 0.015625 0.0359375
5 0.5578125 0.80859375 0.0046875 0.0703125
8 0.77578125 0.7546875 0.0265625 0.01875
8 0.796875 0.71796875 0.0140625 0.090625
1 0.6078125 0.61953125 0.0359375 0.0328125
1 0.6703125 0.73125 0.0328125 0.0421875
1 0.5453125 0.89609375 0.04375 0.0390625
1 0.25859375 0.73125 0.034375 0.0390625
1 0.32421875 0.621875 0.0375 0.0359375
5 0.4125 0.640625 0.015625 0.0671875
5 0.75390625 0.8515625 0.015625 0.1171875
0 0.4046875 0.92578125 0.0328125 0.0125
0 0.63203125 0.928125 0.0265625 0.0171875
1 0.67265625 0.1140625 0.0359375 0.0390625
1 0.571875 0.1609375 0.034375 0.0375
1 0.634375 0.2578125 0.034375 0.040625
1 0.6015625 0.39765625 0.0359375 0.0328125
1 0.19375 0.371875 0.0546875 0.046875