8 0.7671875 0.27421875 0.071875 0.0171875
8 0.56640625 0.27265625 0.0390625 0.01796875
8 0.41640625 0.2734375 0.0703125 0.0171875
8 0.3671875 0.65078125 0.05 0.0140625
8 0.55390625 0.67578125 0.05625 0.0140625
8 0.73359375 0.65 0.03125 0.0140625
1 0.528125 0.3609375 0.04296875 0.0078125
1 0.6015625 0.384375 0.0078125 0.0390625
1 0.5 0.46484375 0.01015625 0.0390625
1 0.5484375 0.51484375 0.05 0.0125
1 0.70625 0.625 0.01015625 0.0359375
0 0.30234375 0.61640625 0.0171875 0.04453125
0 0.4015625 0.6625 0.01484375 0.03671875
0 0.709375 0.6625 0.015625 0.03828125
0 0.8234375 0.6171875 0.0203125 0.04609375
0 0.61484375 0.515625 0.0359375 0.01171875
1 0.6015625 0.43515625 0.009375 0.03671875
0 0.615625 0.4109375 0.03671875 0.0125
0 0.8234375 0.2921875 0.01796875 0.04375
0 0.59609375 0.27578125 0.0375 0.01171875
0 0.303125 0.2921875 0.01796875 0.046875
6 0.6953125 0.4625 0.24765625 0.0984375