0 0.27109375 0.17734375 0.053125 0.025
0 0.271875 0.525 0.0546875 0.01875
0 0.27578125 0.75703125 0.05625 0.0265625
0 0.528125 0.525 0.053125 0.01875
0 0.8859375 0.45078125 0.053125 0.028125
0 0.8859375 0.75703125 0.053125 0.0265625
0 0.7265625 0.1765625 0.0546875 0.0265625
8 0.753125 0.31328125 0.05625 0.0875
8 0.625 0.17734375 0.0625 0.028125
8 0.6890625 0.75625 0.0625 0.025
8 0.53671875 0.75703125 0.0625 0.025
8 0.3671875 0.75703125 0.0671875 0.028125
8 0.24375 0.32265625 0.059375 0.0828125
1 0.27734375 0.46484375 0.06875 0.0515625
1 0.27734375 0.565625 0.059375 0.040625
2 0.35859375 0.19609375 0.084375 0.065625
1 0.36171875 0.54375 0.046875 0.05625
1 0.51328125 0.48671875 0.05 0.0453125
1 0.5296875 0.5609375 0.05 0.04375
1 0.57421875 0.615625 0.05 0.046875
1 0.6171875 0.48125 0.05 0.04375
1 0.5578125 0.4265625 0.0453125 0.05625
1 0.790625 0.4796875 0.06875 0.0875