0 0.18671875 0.8390625 0.021875 0.0734375
0 0.18671875 0.22421875 0.0234375 0.071875
0 0.8609375 0.15859375 0.021875 0.0734375
0 0.8609375 0.83984375 0.021875 0.0734375
1 0.2015625 0.4890625 0.05625 0.0625
2 0.4984375 0.2484375 0.0640625 0.0625
1 0.58984375 0.25703125 0.040625 0.0609375
1 0.84609375 0.43984375 0.05625 0.065625
1 0.7078125 0.365625 0.034375 0.071875
1 0.3515625 0.5609375 0.034375 0.071875
1 0.3984375 0.584375 0.040625 0.0625
1 0.55 0.57734375 0.040625 0.0625
1 0.5953125 0.58671875 0.034375 0.071875
1 0.64453125 0.64609375 0.034375 0.0609375
1 0.65859375 0.4953125 0.034375 0.075
1 0.6953125 0.578125 0.034375 0.065625
1 0.41328125 0.815625 0.034375 0.0625
6 0.55859375 0.5015625 0.13125 0.0578125
8 0.65 0.85859375 0.0421875 0.0421875
8 0.8609375 0.29921875 0.025 0.078125