0 0.4890625 0.88203125 0.0125 0.0375
0 0.09375 0.88203125 0.0125 0.0375
0 0.09375 0.6296875 0.0125 0.0359375
0 0.1109375 0.303125 0.046875 0.009375
0 0.09453125 0.084375 0.0125 0.0375
0 0.5453125 0.08359375 0.0125 0.0375
0 0.3765625 0.2515625 0.046875 0.009375
0 0.48515625 0.62890625 0.0125 0.0375
0 0.78046875 0.603125 0.0125 0.0375
0 0.78046875 0.26484375 0.0125 0.0375
8 0.2890625 0.8953125 0.153125 0.009375
8 0.48515625 0.75546875 0.0125 0.1203125
8 0.6328125 0.61640625 0.153125 0.009375
8 0.78046875 0.434375 0.0125 0.1203125
8 0.44921875 0.07109375 0.153125 0.009375
8 0.190625 0.07109375 0.153125 0.0109375
8 0.09375 0.75546875 0.0125 0.1203125
8 0.09453125 0.56171875 0.0125 0.053125
8 0.09453125 0.4703125 0.0109375 0.053125
1 0.13828125 0.58671875 0.078125 0.0703125
1 0.1375 0.40234375 0.0765625 0.0703125
1 0.44140625 0.64609375 0.075 0.06875
2 0.66328125 0.2734375 0.10625 0.0515625