0 0.8578125 0.21796875 0.0328125 0.01875
0 0.8578125 0.62578125 0.0328125 0.01875
0 0.85703125 0.815625 0.0328125 0.01875
0 0.41328125 0.81640625 0.0328125 0.01875
0 0.17421875 0.81640625 0.0328125 0.01875
0 0.1640625 0.58515625 0.0140625 0.046875
0 0.42265625 0.584375 0.0140625 0.046875
0 0.41328125 0.21796875 0.0328125 0.01875
0 0.17421875 0.21796875 0.0328125 0.01875
8 0.290625 0.21796875 0.1265625 0.01875
8 0.5296875 0.21796875 0.1265625 0.01875
8 0.8671875 0.42421875 0.0140625 0.225
8 0.8671875 0.72265625 0.0140625 0.071875
8 0.5390625 0.7203125 0.0140625 0.1125
8 0.490625 0.62578125 0.08125 0.01875
1 0.6703125 0.57109375 0.078125 0.090625
1 0.57265625 0.66328125 0.0546875 0.09375
1 0.71484375 0.66328125 0.0546875 0.09375
6 0.29375 0.69375 0.2453125 0.2265625
5 0.16484375 0.35625 0.0125 0.2078125
1 0.203125 0.5265625 0.0640625 0.1078125