0 0.13203125 0.8046875 0.0140625 0.0609375
0 0.35625 0.8046875 0.0140625 0.0625
0 0.13203125 0.4609375 0.0140625 0.0625
0 0.09375 0.1515625 0.059375 0.015625
0 0.46171875 0.1515625 0.0578125 0.015625
0 0.85078125 0.1515625 0.0578125 0.015625
0 0.70859375 0.45390625 0.0140625 0.0625
0 0.625 0.80625 0.0140625 0.0625
1 0.4203125 0.6984375 0.0578125 0.075
1 0.67734375 0.45546875 0.0484375 0.065625
1 0.6484375 0.6328125 0.0625 0.05
1 0.84453125 0.39296875 0.071875 0.0625
1 0.84375 0.5984375 0.0484375 0.0640625
1 0.84296875 0.80625 0.0484375 0.065625
2 0.89296875 0.49765625 0.053125 0.08125
0 0.8515625 0.8890625 0.059375 0.015625