0 0.609375 0.2125 0.04921875 0.0359375
0 0.48125 0.21171875 0.04140625 0.0328125
0 0.4375 0.30625 0.090625 0.0453125
0 0.7796875 0.3390625 0.03515625 0.05625
0 0.565625 0.45859375 0.0265625 0.06171875
0 0.7875 0.47890625 0.07890625 0.0203125
0 0.9453125 0.56796875 0.0265625 0.0640625
0 0.94765625 0.6734375 0.021875 0.06015625
0 0.8609375 0.7578125 0.1109375 0.01875
0 0.6125 0.75859375 0.09453125 0.015625
0 0.5953125 0.6296875 0.06484375 0.0390625
0 0.30625 0.64140625 0.09453125 0.01953125
0 0.165625 0.47265625 0.02421875 0.0984375
0 0.296875 0.39453125 0.03359375 0.03984375
1 0.58671875 0.3234375 0.05 0.00625
8 0.78125 0.378125 0.01796875 0.03984375
1 0.6046875 0.4828125 0.06171875 0.0078125
1 0.528125 0.4828125 0.06328125 0.009375
1 0.4921875 0.509375 0.0140625 0.0484375
1 0.5484375 0.53828125 0.05390625 0.00859375
8 0.45859375 0.6390625 0.05 0.0140625
1 0.30625 0.44609375 0.0125 0.07421875
7 0.1921875 0.3984375 0.03828125 0.0140625
7 0.5140625 0.61796875 0.03125 0.0078125
7 0.471875 0.25625 0.01796875 0.03203125