0 0.39375 0.11171875 0.02734375 0.0078125
0 0.67421875 0.1109375 0.02578125 0.0078125
0 0.6828125 0.36640625 0.02578125 0.0078125
0 0.88828125 0.36640625 0.02734375 0.00859375
0 0.88828125 0.6625 0.02734375 0.009375
8 0.8265625 0.6625 0.09296875 0.009375
0 0.69296875 0.6625 0.02578125 0.009375
0 0.67421875 0.790625 0.02578125 0.0078125
0 0.44453125 0.790625 0.02578125 0.00859375
0 0.24375 0.82578125 0.02578125 0.0078125
0 0.12421875 0.60390625 0.02734375 0.0078125
0 0.12421875 0.4578125 0.0265625 0.00546875
0 0.19140625 0.36640625 0.02734375 0.0078125
0 0.38515625 0.36640625 0.02578125 0.00703125
8 0.79296875 0.36640625 0.06328125 0.0078125
8 0.68359375 0.221875 0.00703125 0.090625
8 0.62734375 0.790625 0.03203125 0.0078125
8 0.196875 0.60390625 0.0328125 0.0078125
1 0.5125 0.3484375 0.03203125 0.0421875
1 0.55859375 0.3484375 0.03203125 0.04375
1 0.6234375 0.40546875 0.05546875 0.05546875
1 0.60859375 0.48671875 0.03359375 0.04765625
1 0.6046875 0.59140625 0.04375 0.04140625
1 0.66484375 0.63046875 0.0453125 0.040625
1 0.56796875 0.66484375 0.04375 0.040625
1 0.48359375 0.4640625 0.03359375 0.04375
1 0.53046875 0.4640625 0.03359375 0.04375
5 0.43515625 0.325 0.07578125 0.00703125
5 0.63046875 0.3234375 0.075 0.00703125
6 0.1828220859375 0.492214765625 0.23877300625000003 0.49261745 0.2385276078125 0.4418791953125 0.392024540625 0.44214765156249997 0.3921472390625 0.3699328859375 0.183190184375 0.3700671140625 0.1828220859375 0.492214765625