0 0.4921875 0.0640625 0.6890625 0.03671875
0 0.38828125 0.58984375 0.0453125 0.190625
0 0.6953125 0.6 0.02734375 0.17578125
0 0.9421875 0.5578125 0.03125 0.1125
0 0.15703125 0.6015625 0.03125 0.16796875
1 0.90234375 0.05546875 0.0765625 0.0203125
1 0.3109375 0.37265625 0.01484375 0.078125
1 0.40078125 0.34609375 0.0109375 0.0953125
1 0.43125 0.3921875 0.059375 0.015625
1 0.65703125 0.396875 0.06796875 0.01796875
8 0.60078125 0.67421875 0.1421875 0.021875
8 0.265625 0.7515625 0.14453125 0.01953125
8 0.15 0.4953125 0.0171875 0.04921875
8 0.3875 0.1203125 0.01796875 0.0953125
8 0.86171875 0.60234375 0.1421875 0.0234375
7 0.43203125 0.6125 0.06484375 0.02421875
7 0.2765625 0.2375 0.06171875 0.02421875
4 0.5375 0.2890625 0.0765625 0.01484375