0 0.734375 0.90078125 0.034375 0.0125
0 0.4 0.90078125 0.0328125 0.0125
0 0.090625 0.13203125 0.034375 0.0171875
0 0.3734375 0.13203125 0.0328125 0.0171875
0 0.93671875 0.2484375 0.0328125 0.021875
0 0.93671875 0.5984375 0.0328125 0.0203125
8 0.74375 0.81640625 0.0125 0.040625
8 0.3890625 0.79609375 0.0125 0.1234375
8 0.740625 0.64453125 0.01875 0.040625
8 0.784375 0.5984375 0.0328125 0.0203125
8 0.94140625 0.51796875 0.021875 0.0421875
8 0.340625 0.4921875 0.0328125 0.021875
8 0.86171875 0.2484375 0.0640625 0.021875
8 0.68515625 0.2484375 0.071875 0.021875
8 0.528125 0.2484375 0.040625 0.021875
1 0.484375 0.68203125 0.040625 0.0625
1 0.621875 0.571875 0.04375 0.0625
1 0.48359375 0.571875 0.04375 0.0625
1 0.75546875 0.5625 0.028125 0.040625
1 0.8265625 0.5234375 0.034375 0.0375
1 0.7859375 0.47421875 0.040625 0.0625
1 0.73515625 0.47578125 0.040625 0.059375
1 0.47109375 0.3765625 0.04375 0.0640625
1 0.41796875 0.2734375 0.0421875 0.071875
2 0.23125 0.15234375 0.0640625 0.0578125
2 0.09921875 0.34140625 0.0484375 0.06875