0 0.8421875 0.74609375 0.021875 0.028125
0 0.8421875 0.53671875 0.021875 0.028125
0 0.8421875 0.25625 0.021875 0.0296875
0 0.66953125 0.8375 0.015625 0.0375
0 0.43671875 0.8375 0.015625 0.0375
0 0.54453125 0.25 0.021875 0.028125
0 0.54140625 0.06484375 0.021875 0.028125
0 0.284375 0.06484375 0.021875 0.028125
0 0.1671875 0.225 0.021875 0.028125
0 0.1671875 0.5609375 0.021875 0.028125
0 0.1671875 0.74453125 0.021875 0.028125
2 0.771875 0.26796875 0.065625 0.053125
2 0.63046875 0.26796875 0.065625 0.053125
2 0.52421875 0.14921875 0.05625 0.071875
2 0.490625 0.0765625 0.065625 0.0515625
2 0.3546875 0.0765625 0.065625 0.0515625
2 0.2984375 0.1421875 0.05 0.059375
2 0.21875 0.2375 0.065625 0.0515625
2 0.18515625 0.33125 0.05625 0.071875
2 0.828125 0.65546875 0.05 0.059375
1 0.73828125 0.58828125 0.053125 0.0453125
1 0.6921875 0.59921875 0.040625 0.040625
1 0.7375 0.496875 0.0515625 0.05
1 0.69296875 0.45078125 0.040625 0.04375
1 0.64921875 0.45078125 0.040625 0.04375
1 0.5625 0.496875 0.05625 0.0515625
1 0.4640625 0.59453125 0.0625 0.05
1 0.3890625 0.5921875 0.053125 0.0453125
1 0.34375 0.63671875 0.040625 0.0453125
1 0.2984375 0.59296875 0.053125 0.0453125
1 0.2375 0.50078125 0.075 0.0546875
2 0.18203125 0.6515625 0.05 0.059375
8 0.690625 0.7484375 0.028125 0.021875
8 0.553125 0.8484375 0.175 0.015625
8 0.415625 0.746875 0.028125 0.021875
8 0.35078125 0.746875 0.028125 0.021875
8 0.84453125 0.4984375 0.0171875 0.0390625