0 0.7625 0.78515625 0.06875 0.021875
0 0.90625 0.50703125 0.0703125 0.021875
0 0.92734375 0.21484375 0.028125 0.05625
0 0.22265625 0.19765625 0.06875 0.021875
0 0.32421875 0.50703125 0.0703125 0.021875
0 0.36796875 0.78515625 0.0703125 0.021875
8 0.6734375 0.78515625 0.08125 0.025
8 0.784375 0.684375 0.034375 0.128125
8 0.928125 0.359375 0.034375 0.2015625
8 0.71328125 0.19765625 0.084375 0.028125
8 0.4953125 0.196875 0.1640625 0.028125
8 0.20078125 0.2765625 0.0359375 0.06875
8 0.2 0.42890625 0.0375 0.0703125
8 0.346875 0.70703125 0.0359375 0.06875
1 0.45 0.640625 0.0625 0.04375
1 0.55703125 0.60703125 0.040625 0.03125
1 0.55546875 0.56953125 0.0359375 0.028125
1 0.55703125 0.53359375 0.0421875 0.0328125
1 0.31328125 0.2234375 0.10625 0.08125
1 0.378125 0.42109375 0.096875 0.0828125
1 0.85703125 0.22421875 0.10625 0.08125