0 0.13828125 0.87890625 0.0203125 0.0421875
0 0.80078125 0.8828125 0.009375 0.0328125
0 0.8 0.49609375 0.0125 0.0265625
0 0.80234375 0.1203125 0.0125 0.025
0 0.13671875 0.12265625 0.009375 0.028125
0 0.46640625 0.1125 0.0375 0.00625
0 0.53203125 0.515625 0.0125 0.025
0 0.46640625 0.89453125 0.034375 0.00625
1 0.3875 0.5875 0.0734375 0.05625
1 0.20625 0.52578125 0.0859375 0.053125
1 0.56328125 0.5875 0.078125 0.05625
1 0.4703125 0.6484375 0.0734375 0.059375
1 0.2875 0.86640625 0.0859375 0.06875
0 0.13671875 0.49375 0.009375 0.025