0 0.19296875 0.8015625 0.05 0.0078125
0 0.7015625 0.8015625 0.0515625 0.0078125
0 0.8328125 0.20078125 0.0140625 0.025
0 0.54765625 0.20078125 0.0140625 0.028125
0 0.19296875 0.19140625 0.0515625 0.0078125
0 0.81484375 0.44921875 0.05 0.0078125
0 0.7015625 0.63359375 0.0515625 0.0078125
0 0.48984375 0.40625 0.0125 0.0265625
0 0.1921875 0.396875 0.0515625 0.0078125
0 0.19296875 0.63359375 0.05 0.0078125
8 0.17421875 0.2953125 0.0140625 0.13125
8 0.17421875 0.4734375 0.015625 0.0875
8 0.17421875 0.59765625 0.0125 0.040625
8 0.17421875 0.71796875 0.0140625 0.0875
8 0.7203125 0.7296875 0.0140625 0.0875
8 0.8328125 0.4 0.0140625 0.040625
1 0.58515625 0.32890625 0.0890625 0.0390625
1 0.55078125 0.378125 0.075 0.0453125
1 0.63203125 0.42734375 0.0875 0.0390625
1 0.45234375 0.50546875 0.0875 0.0390625
1 0.3609375 0.5828125 0.0890625 0.0390625
1 0.48359375 0.653125 0.075 0.046875
2 0.68203125 0.54140625 0.0890625 0.078125
8 0.74765625 0.19140625 0.075 0.00625
8 0.59921875 0.19140625 0.075 0.00625