0 0.78125 0.128125 0.04609375 0.0203125
0 0.79375 0.38671875 0.02109375 0.04375
0 0.79375 0.7359375 0.02109375 0.04453125
0 0.5578125 0.85546875 0.02109375 0.04375
0 0.16015625 0.86796875 0.04609375 0.0203125
0 0.14765625 0.42109375 0.0203125 0.04375
0 0.16015625 0.128125 0.04609375 0.0203125
0 0.55859375 0.140625 0.0203125 0.04375
0 0.55859375 0.42109375 0.02109375 0.04296875
8 0.25390625 0.128125 0.10234375 0.01953125
8 0.45390625 0.12890625 0.10234375 0.0203125
8 0.67578125 0.128125 0.1015625 0.01953125
8 0.67578125 0.74765625 0.10078125 0.0203125
8 0.2828125 0.86796875 0.1015625 0.0203125
8 0.14765625 0.790625 0.0203125 0.09609375
8 0.146875 0.51015625 0.01953125 0.09609375
1 0.46328125 0.4078125 0.0609375 0.0703125
1 0.38203125 0.471875 0.07109375 0.05703125
1 0.45859375 0.83828125 0.0609375 0.078125
1 0.66796875 0.51171875 0.07109375 0.0578125