0 0.8890625 0.209375 0.0328125 0.0171875
0 0.68046875 0.20859375 0.034375 0.0171875
0 0.14140625 0.278125 0.034375 0.01875
0 0.14140625 0.44609375 0.034375 0.0203125
0 0.19375 0.68359375 0.0359375 0.021875
0 0.24296875 0.89921875 0.015625 0.028125
0 0.5796875 0.91171875 0.034375 0.0125
0 0.6578125 0.68359375 0.028125 0.01875
0 0.83125 0.465625 0.034375 0.01875
8 0.89765625 0.2390625 0.015625 0.03125
8 0.840625 0.39375 0.0140625 0.096875
8 0.6640625 0.65078125 0.0140625 0.0375
8 0.5953125 0.68359375 0.096875 0.01875
8 0.48984375 0.81484375 0.015625 0.14375
8 0.43046875 0.9046875 0.0828125 0.0203125
8 0.1859375 0.575 0.01875 0.071875
8 0.13125 0.3609375 0.0125 0.071875
8 0.36796875 0.278125 0.109375 0.01875
1 0.8140625 0.2953125 0.034375 0.034375
1 0.72265625 0.2953125 0.034375 0.034375
1 0.64453125 0.4046875 0.028125 0.03125
1 0.69518468125 0.4668433671875 0.6592375546875 0.44026239531250005 0.626509584375 0.47218329375 0.678820696875 0.5127667453125 0.71060975625 0.47752322031250005 0.69518468125 0.4668433671875
1 0.55625 0.50546875 0.05 0.0375
1 0.52109375 0.671875 0.028125 0.0421875
1 0.27421875 0.890625 0.034375 0.05
1 0.5078125 0.28984375 0.028125 0.0421875
1 0.51796875 0.378125 0.028125 0.0296875
1 0.44375 0.378125 0.028125 0.0296875
1 0.2859375 0.43515625 0.0328125 0.040625
6 0.39453125 0.36484375 0.05625 0.15625