0 0.2125 0.86875 0.04375 0.021875
0 0.60625 0.86796875 0.04375 0.01875
0 0.6234375 0.6328125 0.01875 0.046875
0 0.2046875 0.534375 0.0296875 0.05
0 0.2078125 0.14921875 0.034375 0.05
0 0.9015625 0.14765625 0.028125 0.0453125
8 0.90234375 0.53125 0.028125 0.046875
8 0.203125 0.32734375 0.03125 0.10625
8 0.49921875 0.13515625 0.103125 0.021875
8 0.8984375 0.44140625 0.0375 0.078125
8 0.41015625 0.865625 0.1046875 0.034375
1 0.31484375 0.46328125 0.065625 0.06875
1 0.58203125 0.3875 0.053125 0.065625
1 0.70859375 0.41328125 0.0625 0.078125
8 0.1984375 0.70703125 0.0265625 0.115625
6 0.459375 0.48515625 0.084375 0.1203125
1 0.521875 0.5125 0.053125 0.0796875
1 0.596875 0.58046875 0.071875 0.0609375
2 0.884375 0.24921875 0.06875 0.0828125
2 0.68046875 0.1578125 0.09375 0.075
2 0.31875 0.15859375 0.090625 0.0765625