2 0.38359375 0.853125 0.0890625 0.15546875
1 0.52890625 0.3296875 0.0640625 0.08046875
1 0.6140625 0.3984375 0.08515625 0.10234375
0 0.14140625 0.74765625 0.0140625 0.05390625
0 0.1625 0.7671875 0.02890625 0.01484375
0 0.346875 0.74765625 0.0140625 0.05390625
0 0.36484375 0.93828125 0.05078125 0.01484375
0 0.84765625 0.91875 0.01484375 0.05390625
0 0.84765625 0.4625 0.0140625 0.053125
0 0.84765625 0.15 0.01484375 0.05390625
0 0.82578125 0.13046875 0.028125 0.01484375
0 0.56640625 0.15 0.01484375 0.05390625
0 0.40859375 0.0515625 0.01484375 0.05390625
0 0.14140625 0.05078125 0.01484375 0.05390625
0 0.40859375 0.421875 0.01484375 0.053125
8 0.615625 0.93828125 0.25234375 0.01484375
8 0.84765625 0.690625 0.01484375 0.26484375
8 0.84765625 0.2859375 0.0140625 0.17734375
8 0.70703125 0.13046875 0.16875 0.01484375
8 0.48828125 0.13046875 0.07734375 0.01484375
8 0.14140625 0.39921875 0.01484375 0.26484375