0 0.1578125 0.07421875 0.02109375 0.05390625
0 0.846875 0.26875 0.02578125 0.05390625
0 0.15859375 0.8390625 0.02265625 0.06015625
1 0.8453125 0.71875 0.0234375 0.0578125
1 0.36875 0.35625 0.06328125 0.08046875
1 0.51640625 0.365625 0.0515625 0.06015625
1 0.50703125 0.29296875 0.04375 0.0734375
1 0.6984375 0.2890625 0.05078125 0.09765625
1 0.69921875 0.3765625 0.05546875 0.0765625
2 0.72421875 0.69140625 0.11171875 0.12265625
1 0.59140625 0.78515625 0.06484375 0.09921875
1 0.4703125 0.81796875 0.06640625 0.10234375
2 0.2875 0.8125 0.11953125 0.12109375
8 0.46796875 0.06171875 0.065625 0.04453125
8 0.15625 0.21484375 0.03515625 0.1359375
8 0.15625 0.625 0.03203125 0.13671875
8 0.8453125 0.54609375 0.02109375 0.13125
1 0.84375 0.32734375 0.0296875 0.06875
1 0.571875 0.57109375 0.04453125 0.07109375
6 0.53515625 0.47578125 0.14453125 0.14453125