0 0.8875 0.07578125 0.0265625 0.0375
0 0.88671875 0.91328125 0.025 0.0375
0 0.06796875 0.91328125 0.028125 0.0375
0 0.06875 0.07578125 0.0265625 0.0375
8 0.17265625 0.06640625 0.128125 0.01875
8 0.75546875 0.06640625 0.128125 0.01875
8 0.8875 0.20234375 0.028125 0.1109375
8 0.8875 0.44765625 0.028125 0.1375
8 0.8875 0.61484375 0.028125 0.04375
8 0.8875 0.8171875 0.028125 0.1453125
8 0.75234375 0.921875 0.128125 0.021875
8 0.51171875 0.921875 0.115625 0.021875
8 0.33984375 0.921875 0.0515625 0.021875
8 0.1734375 0.921875 0.128125 0.021875
8 0.06796875 0.82578125 0.028125 0.1234375
8 0.06796875 0.51875 0.028125 0.1375
8 0.06796875 0.3828125 0.028125 0.04375
8 0.06796875 0.19609375 0.028125 0.1109375
1 0.24296875 0.27265625 0.1 0.0640625
1 0.24609375 0.36640625 0.0921875 0.05625
1 0.2375 0.640625 0.10625 0.0671875
1 0.35703125 0.746875 0.0625 0.0578125