0 0.8328125 0.28515625 0.0171875 0.053125
0 0.8328125 0.6671875 0.0171875 0.0546875
0 0.67890625 0.70625 0.0171875 0.0546875
0 0.67890625 0.8796875 0.0171875 0.0546875
0 0.19609375 0.87890625 0.0171875 0.053125
0 0.19609375 0.56875 0.0171875 0.0546875
0 0.2109375 0.13828125 0.046875 0.0203125
0 0.6625 0.13828125 0.046875 0.0203125
0 0.67734375 0.25 0.0171875 0.0546875
0 0.56015625 0.3796875 0.046875 0.0203125
0 0.55 0.56875 0.0171875 0.0546875
8 0.30625 0.13828125 0.071875 0.01875
8 0.52734375 0.13828125 0.071875 0.0171875
8 0.2578125 0.89609375 0.0578125 0.0203125
8 0.49453125 0.89609375 0.0578125 0.0203125
8 0.67890625 0.80859375 0.015625 0.053125
8 0.7640625 0.68671875 0.0578125 0.0140625
8 0.7125 0.2671875 0.046875 0.0203125
8 0.79609375 0.2671875 0.046875 0.0203125
1 0.55546875 0.2375 0.0546875 0.0625
1 0.60546875 0.31015625 0.0671875 0.0703125
1 0.2953125 0.34609375 0.071875 0.0859375
1 0.296875 0.584375 0.0765625 0.0859375
1 0.44921875 0.58515625 0.0796875 0.0875
1 0.5203125 0.503125 0.065625 0.0703125
1 0.58671875 0.721875 0.075 0.0859375
5 0.25390625 0.25234375 0.009375 0.2125
5 0.25546875 0.465625 0.0109375 0.13125
5 0.546875 0.79765625 0.009375 0.096875
1 0.31484375 0.6265625 0.0546875 0.059375
5 0.71640625 0.43203125 0.1828125 0.0109375
6 0.43046875 0.42109375 0.3390625 0.0640625