0 0.88046875 0.9234375 0.025 0.0109375
0 0.19296875 0.925 0.025 0.0078125
0 0.18359375 0.0921875 0.00625 0.0234375
0 0.63359375 0.1265625 0.021875 0.009375
8 0.890625 0.8546875 0.00625 0.0546875
1 0.82578125 0.82109375 0.0359375 0.05
8 0.6734375 0.70234375 0.1046875 0.00625
8 0.59921875 0.59765625 0.00625 0.0546875
8 0.59921875 0.4453125 0.00625 0.053125
8 0.640625 0.25390625 0.00625 0.084375
8 0.51640625 0.1265625 0.053125 0.009375
5 0.26328125 0.29453125 0.115625 0.0140625
5 0.27578125 0.39765625 0.14375 0.0140625
8 0.18359375 0.190625 0.00625 0.1078125
8 0.18359375 0.5 0.00625 0.1078125
8 0.18359375 0.6515625 0.00625 0.053125
8 0.18359375 0.88125 0.00625 0.053125
8 0.3265625 0.925 0.1265625 0.0078125
5 0.53203125 0.87421875 0.1203125 0.0140625
1 0.77421875 0.8 0.04375 0.0328125
1 0.534375 0.78359375 0.0515625 0.05625
1 0.48515625 0.54765625 0.0375 0.0546875
1 0.4296875 0.6390625 0.065625 0.071875
1 0.4859375 0.4171875 0.040625 0.0578125
1 0.3734375 0.43046875 0.040625 0.05625
1 0.3734375 0.26171875 0.040625 0.05625
6 0.46580278125 0.2037124796875 0.5664348921875 0.203633490625 0.5664348921875 0.304107425 0.4658659921875 0.304107425 0.46580278125 0.37677725156249997 0.637187346875 0.376783421875 0.6371049296875 0.13120063125 0.46580278125 0.1310426546875 0.46580278125 0.2037124796875