1 0.3375 0.21640625 0.05234375 0.07421875
1 0.38125 0.58125 0.0515625 0.07109375
1 0.5796875 0.7734375 0.0484375 0.071875
1 0.7234375 0.80390625 0.04453125 0.0796875
1 0.79609375 0.77265625 0.04921875 0.07421875
1 0.72265625 0.34453125 0.0453125 0.084375
8 0.08203125 0.3625 0.00859375 0.1375
8 0.45859375 0.8921875 0.07265625 0.009375
8 0.6140625 0.8921875 0.0734375 0.009375
8 0.7984375 0.89296875 0.02890625 0.009375
8 0.8296875 0.30859375 0.08515625 0.0140625
8 0.61484375 0.3078125 0.07265625 0.0140625
8 0.459375 0.3078125 0.084375 0.01328125
0 0.09296875 0.084375 0.03125 0.0171875
0 0.34765625 0.08515625 0.03125 0.01640625
0 0.09296875 0.63984375 0.03203125 0.01796875
0 0.37109375 0.88828125 0.0296875 0.015625
0 0.9078125 0.72578125 0.03125 0.0171875
0 0.9078125 0.31015625 0.03203125 0.015625