8 0.86484375 0.8140625 0.0125 0.1796875
8 0.865625 0.52265625 0.0125 0.1796875
8 0.61796875 0.29453125 0.0125 0.1796875
8 0.39609375 0.0875 0.20625 0.009375
8 0.19921875 0.3203125 0.0125 0.1796875
8 0.19921875 0.71171875 0.0125 0.1796875
8 0.3421875 0.9078125 0.20625 0.0109375
8 0.55234375 0.9078125 0.0625 0.009375
1 0.52109375 0.640625 0.065625 0.0640625
1 0.453125 0.55 0.0734375 0.0609375
1 0.5765625 0.12890625 0.09375 0.071875
0 0.60703125 0.0875 0.034375 0.009375
0 0.21015625 0.9078125 0.034375 0.0109375
0 0.19921875 0.89296875 0.0125 0.01875