0 0.63046875 0.13046875 0.02890625 0.0109375
0 0.75625 0.89375 0.02734375 0.009375
0 0.26953125 0.89375 0.021875 0.009375
0 0.27109375 0.13046875 0.025 0.0109375
1 0.5296875 0.17265625 0.0421875 0.059375
1 0.43203125 0.51953125 0.05859375 0.06484375
1 0.3859375 0.58828125 0.04765625 0.06953125
1 0.63671875 0.51328125 0.0703125 0.07734375
1 0.6796875 0.50546875 0.0359375 0.0515625
8 0.3875 0.13046875 0.12421875 0.0109375
8 0.5515625 0.13046875 0.0484375 0.0109375
8 0.71875 0.33984375 0.07734375 0.01015625
8 0.67421875 0.8203125 0.0734375 0.009375
8 0.53203125 0.8203125 0.0734375 0.009375
5 0.428125 0.38203125 0.12421875 0.01015625
6 0.35625 0.75859375 0.178125 0.2609375
8 0.35078125 0.89375 0.0515625 0.009375