0 0.32265625 0.1671875 0.01875 0.00625
0 0.6875 0.1671875 0.01875 0.00625
0 0.68984375 0.478125 0.01875 0.00625
0 0.32265625 0.81171875 0.01875 0.0078125
0 0.48359375 0.8125 0.0203125 0.00625
0 0.48359375 0.5453125 0.01875 0.0078125
0 0.31484375 0.5453125 0.0015625 0.00625
0 0.325 0.5453125 0.015625 0.0078125
8 0.409375 0.16796875 0.075 0.0109375
8 0.625 0.16796875 0.0578125 0.0109375
8 0.696875 0.26875 0.0046875 0.0828125
8 0.696875 0.425 0.0046875 0.0734375
8 0.5109375 0.50390625 0.021875 0.0109375
8 0.31484375 0.28125 0.00625 0.0859375
1 0.51640625 0.1921875 0.0296875 0.0625
1 0.540625 0.246875 0.0203125 0.0328125
1 0.5390625 0.4453125 0.021875 0.0453125
1 0.45390625 0.5234375 0.0265625 0.05625
1 0.32421875 0.60859375 0.025 0.040625
1 0.59453125 0.39921875 0.0234375 0.0390625
6 0.65234375 0.425 0.0890625 0.1078125
1 0.57109375 0.45390625 0.03125 0.0640625