0 0.12890625 0.1671875 0.0328125 0.01875
0 0.68828125 0.16796875 0.03125 0.0171875
0 0.70390625 0.54765625 0.03125 0.015625
0 0.890625 0.54765625 0.0328125 0.015625
0 0.89140625 0.83125 0.0328125 0.021875
0 0.6875 0.83125 0.0328125 0.021875
0 0.5015625 0.74296875 0.0328125 0.0171875
0 0.11875 0.6484375 0.0125 0.040625
8 0.121875 0.2375 0.0171875 0.0625
8 0.121875 0.36328125 0.0171875 0.0609375
8 0.11875 0.54609375 0.0125 0.0390625
8 0.1984375 0.6625 0.11875 0.0125
8 0.35625 0.6140625 0.0609375 0.015625
8 0.41015625 0.16796875 0.034375 0.0171875
8 0.5890625 0.74296875 0.1296875 0.0171875
8 0.7890625 0.83125 0.13125 0.021875
1 0.41015625 0.2359375 0.0390625 0.053125
1 0.50390625 0.28203125 0.0359375 0.0375
1 0.50703125 0.3515625 0.0421875 0.040625
1 0.50703125 0.47734375 0.0421875 0.040625
1 0.5078125 0.56953125 0.0453125 0.04375
1 0.45625 0.590625 0.040625 0.065625
1 0.4140625 0.575 0.0296875 0.034375
1 0.26640625 0.47734375 0.040625 0.0359375
1 0.3203125 0.3203125 0.0296875 0.0375
1 0.32109375 0.28203125 0.0296875 0.0375
2 0.6828125 0.2375 0.0421875 0.0640625
2 0.68359375 0.36328125 0.0421875 0.065625
2 0.6828125 0.490625 0.0421875 0.065625