0 0.928125 0.7234375 0.0171875 0.003125
0 0.05703125 0.703125 0.0140625 0.003125
0 0.34296875 0.2515625 0.021875 0.0046875
0 0.93359375 0.25859375 0.00625 0.0171875
8 0.81640625 0.2515625 0.0921875 0.0046875
8 0.65078125 0.2515625 0.0859375 0.0046875
5 0.47421875 0.2515625 0.121875 0.0046875
8 0.24765625 0.39609375 0.078125 0.003125
8 0.16171875 0.42265625 0.00625 0.021875
8 0.05234375 0.6140625 0.0046875 0.05
8 0.56796875 0.690625 0.03125 0.003125
8 0.65234375 0.690625 0.03125 0.003125
8 0.76015625 0.7234375 0.03125 0.003125
8 0.81328125 0.7234375 0.06875 0.003125
8 0.8671875 0.7234375 0.03125 0.0046875
8 0.93359375 0.7015625 0.00625 0.025
8 0.93359375 0.59375 0.00625 0.025
8 0.93359375 0.509375 0.00625 0.0609375
1 0.0828125 0.5390625 0.04375 0.03125
1 0.15234375 0.51171875 0.025 0.021875
1 0.37578125 0.44296875 0.03125 0.028125
1 0.4421875 0.47578125 0.0375 0.028125
1 0.50078125 0.4859375 0.040625 0.03125
1 0.571875 0.45078125 0.040625 0.028125
1 0.6109375 0.67578125 0.046875 0.0328125
1 0.828125 0.41796875 0.0234375 0.021875
1 0.87265625 0.46171875 0.04375 0.03125
5 0.278125 0.4984375 0.090625 0.003125
6 0.57109375 0.56015625 0.075 0.1390625