0 0.8890625 0.0875 0.0328125 0.0203125
0 0.8953125 0.8390625 0.0203125 0.0453125
0 0.10859375 0.8375 0.0203125 0.0484375
0 0.115625 0.0875 0.0328125 0.0203125
8 0.74453125 0.0875 0.190625 0.0203125
8 0.8953125 0.23828125 0.0203125 0.190625
8 0.8953125 0.4625 0.0203125 0.05625
8 0.8953125 0.7 0.0203125 0.190625
8 0.7453125 0.8515625 0.190625 0.0203125
8 0.371875 0.8515625 0.1140625 0.0203125
8 0.203125 0.8515625 0.115625 0.0203125
8 0.10859375 0.72578125 0.0203125 0.1109375
8 0.10859375 0.50625 0.0203125 0.1109375
8 0.10859375 0.2390625 0.0203125 0.1890625
8 0.27890625 0.0875 0.1890625 0.0203125
8 0.52109375 0.0875 0.0546875 0.0203125
1 0.46328125 0.20625 0.0484375 0.06875
1 0.43125 0.33359375 0.05625 0.0796875
1 0.6125 0.334375 0.05625 0.0796875
1 0.75 0.5 0.0484375 0.06875
2 0.521875 0.82578125 0.1265625 0.071875