0 0.16484375 0.23046875 0.0296875 0.05625
0 0.41796875 0.2296875 0.0296875 0.05625
0 0.80234375 0.23046875 0.028125 0.05625
0 0.803125 0.65859375 0.028125 0.053125
0 0.58984375 0.51953125 0.03125 0.0578125
0 0.590625 0.846875 0.0265625 0.0546875
0 0.1640625 0.8484375 0.028125 0.05625
1 0.1984375 0.46484375 0.078125 0.075
1 0.3375 0.384375 0.0921875 0.0828125
1 0.4359375 0.4515625 0.08125 0.08125
1 0.625 0.62578125 0.0875 0.06875
1 0.54453125 0.69375 0.0703125 0.078125
1 0.378125 0.69296875 0.0671875 0.0765625
1 0.28828125 0.5828125 0.065625 0.071875
1 0.20703125 0.65078125 0.0625 0.075
8 0.2890625 0.221875 0.0875 0.05
8 0.4984375 0.221875 0.0875 0.0484375
8 0.465625 0.859375 0.090625 0.046875
8 0.159375 0.76875 0.040625 0.103125
6 0.496875 0.528125 0.15625 0.059375