0 0.909375 0.0703125 0.00859375 0.0296875
0 0.909375 0.95859375 0.0078125 0.0296875
0 0.103125 0.85390625 0.00859375 0.0296875
0 0.103125 0.0703125 0.00859375 0.03046875
8 0.29921875 0.0578125 0.175 0.01328125
8 0.78203125 0.05703125 0.109375 0.01171875
8 0.9109375 0.46484375 0.0140625 0.109375
8 0.9109375 0.6734375 0.015625 0.12421875
8 0.10234375 0.72421875 0.015625 0.11015625
1 0.475 0.428125 0.05703125 0.0625
1 0.58203125 0.43984375 0.0375 0.053125
1 0.70625 0.4203125 0.03671875 0.053125
1 0.5640625 0.9390625 0.0671875 0.075
1 0.121875 0.5578125 0.04921875 0.0703125
6 0.79609375 0.45859375 0.2265625 0.17109375