0 0.8640625 0.14375 0.015625 0.0359375
0 0.8640625 0.45078125 0.0171875 0.0359375
0 0.8640625 0.64609375 0.015625 0.0359375
0 0.4953125 0.646875 0.015625 0.0359375
0 0.4953125 0.90859375 0.015625 0.0359375
0 0.14375 0.90859375 0.0140625 0.034375
0 0.14375 0.60859375 0.0140625 0.034375
0 0.14375 0.4484375 0.0140625 0.0359375
0 0.14375 0.14375 0.0140625 0.0359375
0 0.51640625 0.14375 0.015625 0.0359375
0 0.38359375 0.45078125 0.015625 0.0359375
0 0.49453125 0.46484375 0.04375 0.0140625
8 0.6828125 0.13046875 0.1765625 0.009375
8 0.690625 0.65859375 0.0890625 0.009375
8 0.321875 0.92265625 0.153125 0.00625
1 0.47421875 0.29609375 0.0671875 0.065625
1 0.3484375 0.375 0.0765625 0.05625
1 0.43359375 0.43046875 0.078125 0.0765625
1 0.34921875 0.58203125 0.0765625 0.05625
1 0.4390625 0.659375 0.0796875 0.0765625
5 0.2625 0.671875 0.1609375 0.00625
6 0.68671875 0.54453125 0.3484375 0.153125