0 0.75625 0.16484375 0.034375 0.015625
0 0.4125 0.17109375 0.0203125 0.028125
0 0.19296875 0.16484375 0.0375 0.015625
0 0.19296875 0.74765625 0.0375 0.015625
0 0.4125 0.740625 0.0203125 0.028125
0 0.4078125 0.5265625 0.0203125 0.028125
0 0.75625 0.74765625 0.0359375 0.015625
0 0.7640625 0.4375 0.0203125 0.0296875
8 0.765625 0.571875 0.01875 0.096875
8 0.51640625 0.74765625 0.0953125 0.0171875
8 0.275 0.74765625 0.1 0.01875
8 0.765625 0.3234375 0.021875 0.0546875
8 0.765625 0.26171875 0.021875 0.05625
1 0.51015625 0.34921875 0.0734375 0.0671875
1 0.5171875 0.20546875 0.059375 0.053125
1 0.3796875 0.4 0.0484375 0.0375
1 0.74375 0.2015625 0.0625 0.053125
1 0.2078125 0.46328125 0.06875 0.0640625
2 0.29296875 0.53515625 0.1125 0.053125
2 0.2921875 0.3796875 0.10625 0.040625