0 0.8796875 0.19140625 0.015625 0.040625
0 0.88203125 0.5125 0.009375 0.0515625
0 0.8796875 0.80078125 0.015625 0.0390625
0 0.63125 0.8015625 0.015625 0.040625
0 0.415625 0.8015625 0.015625 0.040625
0 0.17734375 0.803125 0.009375 0.0359375
0 0.17734375 0.5125 0.009375 0.034375
0 0.75078125 0.509375 0.021875 0.0265625
0 0.63671875 0.19140625 0.015625 0.040625
0 0.55390625 0.19140625 0.015625 0.040625
0 0.4078125 0.19140625 0.015625 0.040625
0 0.41953125 0.5046875 0.021875 0.0265625
0 0.18046875 0.19140625 0.015625 0.0390625
8 0.7765625 0.3453125 0.00625 0.19375
8 0.7578125 0.6578125 0.00625 0.165625
8 0.41171875 0.35078125 0.00625 0.19375
8 0.41171875 0.62421875 0.00625 0.2125
8 0.33984375 0.50234375 0.034375 0.0125
8 0.275 0.50234375 0.05625 0.0125
8 0.21796875 0.50234375 0.01875 0.0125
1 0.65390625 0.4609375 0.04375 0.0734375
1 0.653125 0.5515625 0.04375 0.0703125
1 0.603125 0.61875 0.028125 0.0625
1 0.53671875 0.55234375 0.04375 0.071875
1 0.53671875 0.4609375 0.04375 0.075
1 0.3015625 0.71640625 0.0453125 0.06875
1 0.21328125 0.6578125 0.028125 0.0625
6 0.5953125 0.3109375 0.06875 0.23125