0 0.90078125 0.86328125 0.01875 0.0421875
0 0.9 0.084375 0.01875 0.0421875
0 0.25390625 0.084375 0.0203125 0.0421875
0 0.11796875 0.6 0.01875 0.040625
0 0.11875 0.86328125 0.015625 0.04375
8 0.90078125 0.73359375 0.01875 0.121875
8 0.90078125 0.46015625 0.01875 0.121875
8 0.90078125 0.2 0.01875 0.121875
8 0.753125 0.87421875 0.1140625 0.01875
8 0.75390625 0.07265625 0.115625 0.01875
8 0.59296875 0.07265625 0.0390625 0.01875
8 0.253125 0.19453125 0.01875 0.121875
8 0.25390625 0.428125 0.01875 0.121875
8 0.11796875 0.73203125 0.015625 0.1234375
8 0.465625 0.87421875 0.0390625 0.01875
1 0.67421875 0.63046875 0.071875 0.0578125
1 0.675 0.28984375 0.075 0.059375
1 0.628125 0.11015625 0.05625 0.0421875
1 0.521875 0.7296875 0.046875 0.06875
1 0.3671875 0.63125 0.071875 0.059375
1 0.28046875 0.54609375 0.075 0.059375
1 0.5078125 0.28671875 0.078125 0.059375