0 0.85546875 0.0703125 0.0171875 0.028125
0 0.85546875 0.37109375 0.0171875 0.0296875
0 0.85546875 0.68046875 0.0171875 0.028125
0 0.85546875 0.93828125 0.0171875 0.0296875
0 0.18125 0.06953125 0.0171875 0.028125
0 0.18125 0.37109375 0.0171875 0.0296875
0 0.18125 0.68046875 0.0171875 0.028125
0 0.51875 0.384375 0.0234375 0.021875
0 0.51875 0.65625 0.0234375 0.021875
0 0.18125 0.9375 0.0171875 0.028125
0 0.609375 0.84296875 0.0453125 0.0109375
0 0.609375 0.94609375 0.0453125 0.0109375
8 0.2921875 0.7265625 0.190625 0.0125
6 0.7234375 0.89453125 0.2484375 0.09375