1 0.18828125 0.26953125 0.1125 0.0484375
1 0.55859375 0.340625 0.0875 0.04375
1 0.621875 0.2875 0.078125 0.0421875
1 0.56484375 0.50859375 0.0828125 0.05
1 0.6875 0.453125 0.109375 0.05
8 0.64375 0.14375 0.10625 0.03125
8 0.41171875 0.121875 0.1515625 0.05
0 0.7375 0.13515625 0.078125 0.01875
0 0.17109375 0.134375 0.084375 0.01875
0 0.17109375 0.8375 0.08125 0.01875
0 0.73515625 0.8421875 0.075 0.0109375
0 0.73359375 0.4859375 0.071875 0.021875
0 0.15703125 0.48984375 0.034375 0.0203125
8 0.15859375 0.44453125 0.06875 0.0625
8 0.15859375 0.52890625 0.053125 0.05
8 0.1578125 0.6859375 0.065625 0.05625
8 0.15703125 0.75859375 0.053125 0.0484375