0 0.11171875 0.16484375 0.025 0.0140625
0 0.1046875 0.184375 0.0125 0.025
0 0.4171875 0.16484375 0.0390625 0.0140625
0 0.84140625 0.17734375 0.0140625 0.040625
0 0.84140625 0.446875 0.0140625 0.040625
0 0.84140625 0.71328125 0.0140625 0.040625
0 0.82734375 0.7265625 0.0125 0.0140625
0 0.4671875 0.72578125 0.040625 0.0140625
0 0.10546875 0.71328125 0.0125 0.040625
0 0.10546875 0.51640625 0.0125 0.0375
8 0.84140625 0.26640625 0.0140625 0.096875
8 0.84140625 0.578125 0.015625 0.0875
8 0.75 0.7265625 0.078125 0.0140625
8 0.57578125 0.7265625 0.078125 0.0140625
8 0.21640625 0.7265625 0.078125 0.0140625
8 0.10546875 0.29921875 0.0125 0.096875
8 0.52890625 0.16484375 0.078125 0.0140625
8 0.69140625 0.16484375 0.078125 0.0140625
1 0.8125 0.36640625 0.071875 0.059375
1 0.56640625 0.35625 0.059375 0.059375
1 0.4359375 0.49453125 0.059375 0.059375
1 0.31015625 0.36328125 0.04375 0.046875
1 0.31015625 0.1984375 0.059375 0.05625
1 0.25625 0.4203125 0.06875 0.059375