0 0.20703125 0.89765625 0.0125 0.0390625
0 0.20625 0.525 0.0125 0.0390625
0 0.45 0.38125 0.0109375 0.0390625
0 0.87265625 0.38125 0.0125 0.040625
0 0.871875 0.6328125 0.0125 0.0390625
0 0.51796875 0.66171875 0.0125 0.0390625
0 0.45 0.08046875 0.0109375 0.0375
0 0.20625 0.08046875 0.0125 0.0390625
0 0.51796875 0.89765625 0.0109375 0.0390625
8 0.3625 0.9125 0.1359375 0.0109375
8 0.51875 0.7796875 0.0109375 0.128125
8 0.6953125 0.64765625 0.134375 0.0109375
8 0.60703125 0.06640625 0.134375 0.009375
8 0.328125 0.0671875 0.134375 0.009375
1 0.24453125 0.6796875 0.0671875 0.0734375
1 0.41484375 0.5109375 0.059375 0.0671875
1 0.41640625 0.2734375 0.078125 0.065625
1 0.24140625 0.3390625 0.0609375 0.065625
8 0.20625 0.47109375 0.0125 0.0578125
8 0.20625 0.39140625 0.0109375 0.0578125
2 0.81875 0.39375 0.09375 0.0453125
0 0.76484375 0.08046875 0.0125 0.0390625