8 0.415625 0.10390625 0.1828125 0.0140625
8 0.56953125 0.2046875 0.03828125 0.01796875
8 0.6390625 0.2046875 0.03828125 0.01796875
8 0.8375 0.30234375 0.0203125 0.053125
8 0.83515625 0.63671875 0.01640625 0.053125
8 0.28671875 0.734375 0.225 0.0140625
8 0.0984375 0.4703125 0.01640625 0.053125
8 0.0984375 0.37265625 0.01640625 0.053125
8 0.26484375 0.2046875 0.0390625 0.01796875
1 0.315625 0.5109375 0.03984375 0.0375
1 0.26328125 0.5109375 0.0390625 0.0375
1 0.2109375 0.37421875 0.0625 0.0515625
1 0.2625 0.359375 0.03984375 0.0375
1 0.209375 0.46640625 0.0625 0.05078125
1 0.40859375 0.46640625 0.06171875 0.05078125
1 0.5109375 0.36796875 0.06875 0.05078125
1 0.6421875 0.31953125 0.03984375 0.0375
1 0.5890625 0.36875 0.06171875 0.05078125
1 0.69375 0.36875 0.0625 0.0515625
1 0.76015625 0.475 0.07265625 0.05078125
1 0.73359375 0.71953125 0.0390625 0.05078125
0 0.11015625 0.2046875 0.03984375 0.01796875
0 0.3046875 0.10390625 0.03984375 0.0140625
0 0.52578125 0.10390625 0.03828125 0.0140625
0 0.828125 0.2046875 0.03984375 0.01796875
0 0.828125 0.40078125 0.03984375 0.01796875
0 0.8234375 0.53828125 0.03984375 0.01796875
0 0.8234375 0.73671875 0.03984375 0.01796875
0 0.46328125 0.734375 0.0390625 0.0140625
0 0.11015625 0.734375 0.040625 0.0140625
0 0.0984375 0.41875 0.01640625 0.03359375
0 0.3046875 0.43046875 0.0390625 0.009375
0 0.52578125 0.43125 0.03984375 0.009375