0 0.10546875 0.06484375 0.009375 0.03125
0 0.10546875 0.40625 0.009375 0.03125
0 0.11875 0.590625 0.0359375 0.0078125
0 0.5015625 0.6015625 0.009375 0.03125
0 0.5015625 0.9078125 0.009375 0.03125
0 0.884375 0.9078125 0.009375 0.03125
0 0.884375 0.6015625 0.009375 0.03125
0 0.884375 0.3765625 0.0109375 0.03125
0 0.884375 0.06484375 0.0109375 0.03125
0 0.48046875 0.06484375 0.009375 0.03125
0 0.48828125 0.41796875 0.0359375 0.009375
8 0.61796875 0.053125 0.053125 0.0078125
8 0.29296875 0.05390625 0.1765625 0.009375
8 0.69296875 0.91953125 0.1765625 0.009375
8 0.884375 0.48046875 0.009375 0.0453125
8 0.884375 0.296875 0.009375 0.075
1 0.51953125 0.17578125 0.0703125 0.06875
1 0.665625 0.23984375 0.08125 0.0609375
1 0.57265625 0.3875 0.071875 0.06875
1 0.66484375 0.55625 0.08125 0.0609375
1 0.553125 0.6203125 0.0703125 0.06875
6 0.296875 0.50390625 0.375 0.1640625