8 0.940625 0.628125 0.028125 0.075
8 0.1875 0.58046875 0.0265625 0.0359375
8 0.1875 0.4234375 0.0265625 0.0765625
8 0.18359375 0.24140625 0.0171875 0.1515625
8 0.45703125 0.1234375 0.0515625 0.021875
1 0.640625 0.3671875 0.0640625 0.0765625
1 0.40390625 0.49609375 0.040625 0.059375
1 0.3359375 0.5375 0.0421875 0.0578125
1 0.4203125 0.5875 0.0515625 0.04375
6 0.584375 0.58046875 0.1375 0.1125
1 0.70234375 0.55 0.065625 0.0796875
2 0.921875 0.80625 0.0671875 0.0828125
1 0.3015625 0.6625 0.0640625 0.04375
1 0.72578125 0.3 0.059375 0.04375
0 0.18359375 0.14140625 0.01875 0.053125
0 0.7453125 0.13984375 0.01875 0.053125
0 0.28046875 0.91171875 0.0203125 0.0578125
0 0.9421875 0.9109375 0.025 0.0546875