1 0.09140625 0.6484375 0.0484375 0.059375
1 0.1265625 0.5984375 0.034375 0.0453125
1 0.12734375 0.45546875 0.034375 0.0453125
1 0.215625 0.50078125 0.040625 0.053125
1 0.25546875 0.5640625 0.0484375 0.05
1 0.3625 0.5 0.04375 0.053125
1 0.3640625 0.63125 0.04375 0.05625
1 0.4125 0.63125 0.0421875 0.05625
1 0.46953125 0.57265625 0.0375 0.0359375
1 0.515625 0.57265625 0.046875 0.04375
1 0.72734375 0.4265625 0.059375 0.059375
5 0.384375 0.346875 0.009375 0.103125
8 0.15703125 0.90625 0.0796875 0.009375
8 0.3171875 0.90625 0.075 0.009375
8 0.46171875 0.90625 0.0671875 0.009375
8 0.31796875 0.409375 0.0328125 0.0125
8 0.384375 0.203125 0.009375 0.10625
8 0.6171875 0.1046875 0.0765625 0.009375
8 0.8671875 0.2328125 0.009375 0.0875
8 0.0703125 0.4390625 0.00625 0.04375
0 0.8609375 0.1046875 0.021875 0.009375