0 0.1328125 0.178125 0.01796875 0.0078125
0 0.1015625 0.428125 0.0234375 0.01484375
0 0.2375 0.4265625 0.01171875 0.01875
0 0.2375 0.27734375 0.01171875 0.01875
0 0.1609375 0.84765625 0.0265625 0.01171875
0 0.90234375 0.74375 0.0265625 0.01171875
0 0.9078125 0.178125 0.01484375 0.0078125
8 0.6359375 0.42421875 0.009375 0.0703125
8 0.4734375 0.74375 0.2265625 0.01171875
8 0.55703125 0.74375 0.059375 0.01171875
8 0.09296875 0.53984375 0.00625 0.0671875
8 0.09296875 0.6109375 0.00625 0.06640625
8 0.09296875 0.684375 0.00625 0.06640625
1 0.15546875 0.33515625 0.06328125 0.09140625
1 0.66953125 0.7203125 0.05078125 0.06015625
1 0.478125 0.3171875 0.04453125 0.06328125
1 0.61640625 0.3125 0.04921875 0.0703125
1 0.17734375 0.22890625 0.02734375 0.06640625
6 0.334375 0.228125 0.1828125 0.0921875
5 0.54375 0.27109375 0.08828125 0.0234375