0 0.8140625 0.12578125 0.021875 0.01015625
0 0.8140625 0.26875 0.021875 0.01015625
0 0.671875 0.47734375 0.02890625 0.03125
0 0.60546875 0.7671875 0.0296875 0.03046875
0 0.2390625 0.7640625 0.02421875 0.03671875
0 0.2390625 0.4203125 0.02421875 0.03671875
0 0.3515625 0.26796875 0.021875 0.01015625
0 0.3515625 0.12578125 0.021875 0.01015625
8 0.459375 0.1265625 0.03671875 0.02109375
8 0.56171875 0.1265625 0.0359375 0.01953125
8 0.75625 0.33828125 0.0265625 0.0609375
8 0.725 0.40703125 0.04140625 0.02421875
8 0.6109375 0.70078125 0.0234375 0.1
8 0.33984375 0.77421875 0.12421875 0.0234375
8 0.23671875 0.4875 0.0265625 0.0640625
8 0.35 0.359375 0.025 0.03359375
8 0.35 0.31796875 0.025 0.03203125
8 0.81875 0.19921875 0.0203125 0.115625
1 0.52109375 0.246875 0.04453125 0.04921875
1 0.5546875 0.37578125 0.028125 0.0390625
1 0.6171875 0.4390625 0.04609375 0.04296875
1 0.64296875 0.6203125 0.04375 0.05546875
1 0.5265625 0.53515625 0.028125 0.0421875
1 0.42578125 0.353125 0.04609375 0.05078125
1 0.41484375 0.396875 0.0328125 0.04140625
1 0.43046875 0.440625 0.04609375 0.05078125