0 0.15234375 0.95546875 0.059375 0.0296875
0 0.14375 0.08046875 0.040625 0.03125
0 0.84765625 0.08046875 0.0515625 0.03125
0 0.85390625 0.96171875 0.0375 0.0171875
8 0.1328125 0.86875 0.01875 0.059375
8 0.1328125 0.6796875 0.01875 0.059375
8 0.1328125 0.3515625 0.0203125 0.1296875
8 0.2453125 0.08046875 0.084375 0.03125
8 0.571875 0.08046875 0.084375 0.03125
8 0.76875 0.08046875 0.084375 0.03125
8 0.86328125 0.79375 0.01875 0.1296875
8 0.86328125 0.453125 0.01875 0.13125
8 0.86328125 0.228125 0.01875 0.1296875
8 0.37265625 0.95546875 0.084375 0.0296875
8 0.53046875 0.95546875 0.0375 0.0296875
8 0.6296875 0.95546875 0.0375 0.0296875
8 0.7671875 0.96171875 0.0828125 0.0171875
1 0.253125 0.878125 0.05625 0.08125
1 0.25703125 0.72890625 0.046875 0.065625
1 0.35078125 0.546875 0.05625 0.08125
1 0.49375 0.6625 0.0578125 0.08125
1 0.56328125 0.74921875 0.0453125 0.05
1 0.634375 0.746875 0.0421875 0.046875
1 0.68671875 0.66328125 0.05625 0.08125
2 0.43828125 0.0875 0.0625 0.046875