0 0.115625 0.09765625 0.034375 0.01875
0 0.10625 0.6484375 0.0171875 0.0546875
0 0.9171875 0.79375 0.015625 0.05
0 0.903125 0.21015625 0.0453125 0.028125
8 0.27421875 0.096875 0.0265625 0.01875
8 0.3125 0.096875 0.0265625 0.01875
8 0.3484375 0.096875 0.0265625 0.01875
8 0.4328125 0.1015625 0.0296875 0.0265625
8 0.51875 0.2109375 0.0296875 0.0265625
8 0.5515625 0.21015625 0.0296875 0.0265625
8 0.584375 0.21015625 0.0296875 0.025
8 0.646875 0.21015625 0.028125 0.025
8 0.74609375 0.21015625 0.0296875 0.0265625
1 0.121875 0.50859375 0.0453125 0.0671875
1 0.22421875 0.50078125 0.0453125 0.0671875
1 0.3734375 0.30859375 0.0546875 0.0734375
1 0.44375 0.3078125 0.0453125 0.0671875
1 0.41484375 0.71328125 0.046875 0.0640625
1 0.6 0.53671875 0.046875 0.0671875
1 0.684375 0.38515625 0.046875 0.0671875
1 0.7390625 0.59140625 0.0359375 0.0421875
1 0.782486796875 0.445226978125 0.7624468796875 0.4706091296875 0.7580201625 0.47631835625 0.7864210078125 0.525834540625 0.8052314781250001 0.49445297187500004 0.8170341265625 0.47522406562499997 0.782486796875 0.445226978125
1 0.7871528796875 0.61817279375 0.8044160625 0.5684139781249999 0.805159125 0.567672896875 0.7835909296875 0.5248193031249999 0.7608009874999999 0.5716741187500001 0.7871528796875 0.61817279375
5 0.1765625 0.66015625 0.0984375 0.0296875
5 0.3234375 0.66015625 0.1 0.0296875
5 0.46171875 0.80546875 0.1 0.0265625
5 0.56796875 0.80546875 0.0984375 0.0265625
5 0.7078125 0.80546875 0.0984375 0.0265625
5 0.8484375 0.80546875 0.1 0.0265625
5 0.9171875 0.3640625 0.015625 0.1765625
1 0.64296875 0.36640625 0.0359375 0.0296875