0 0.3015625 0.228125 0.0640625 0.015625
0 0.778125 0.240625 0.0265625 0.040625
0 0.8 0.46953125 0.0625 0.015625
0 0.8484375 0.628125 0.0640625 0.015625
0 0.540625 0.80625 0.0625 0.015625
0 0.3015625 0.80625 0.0640625 0.015625
0 0.3015625 0.63046875 0.0640625 0.015625
0 0.3015625 0.47109375 0.0640625 0.015625
0 0.3015625 0.396875 0.0640625 0.015625
5 0.2609375 0.71875 0.0078125 0.1234375
8 0.1984375 0.55390625 0.01875 0.0859375
8 0.26484375 0.43515625 0.0203125 0.028125
8 0.19921875 0.315625 0.01875 0.10625
8 0.7796875 0.3046875 0.021875 0.0296875
8 0.7796875 0.41015625 0.021875 0.0859375
1 0.6515625 0.34296875 0.0546875 0.0375
1 0.58359375 0.37265625 0.08125 0.0640625
1 0.6515625 0.44609375 0.0546875 0.0375
1 0.4359375 0.42265625 0.05625 0.0375
1 0.5125 0.49921875 0.0640625 0.04375
1 0.8203125 0.69375 0.08125 0.071875