1 0.3796875 0.64453125 0.0625 0.040625
1 0.47265625 0.684375 0.084375 0.053125
1 0.565625 0.684375 0.08125 0.053125
1 0.6640625 0.60546875 0.0734375 0.034375
1 0.646875 0.39140625 0.096875 0.0625
1 0.53515625 0.325 0.10625 0.0625
1 0.4296875 0.3875 0.109375 0.053125
0 0.85859375 0.80390625 0.05 0.0078125
0 0.87578125 0.7921875 0.0140625 0.015625
0 0.85859375 0.58515625 0.05 0.0078125
0 0.859375 0.29765625 0.0484375 0.0078125
0 0.61171875 0.29765625 0.046875 0.0078125
0 0.46015625 0.41796875 0.05 0.0078125
0 0.46015625 0.19921875 0.05 0.0078125
0 0.1078125 0.20703125 0.0140625 0.0234375
0 0.1328125 0.19921875 0.034375 0.0078125
0 0.12578125 0.41796875 0.05 0.0078125
0 0.5375 0.58515625 0.05 0.0078125
0 0.5375 0.80390625 0.05 0.0078125
0 0.12578125 0.80390625 0.05 0.0078125
0 0.12578125 0.58515625 0.05 0.0078125
8 0.734375 0.29765625 0.1609375 0.0078125
8 0.87578125 0.50234375 0.0140625 0.0921875
8 0.8765625 0.73125 0.0140625 0.0921875
8 0.87578125 0.62109375 0.0140625 0.0421875
8 0.69765625 0.80390625 0.240625 0.0078125
8 0.3140625 0.80390625 0.240625 0.0078125
8 0.1078125 0.73125 0.0140625 0.0921875
8 0.1078125 0.62109375 0.0140625 0.0421875
8 0.14453125 0.50234375 0.0140625 0.0921875
8 0.1078125 0.303125 0.0140625 0.1375
8 0.29296875 0.19921875 0.240625 0.0078125