2 0.47578125 0.884375 0.0453125 0.0765625
2 0.559375 0.54765625 0.0875 0.046875
1 0.55546875 0.32734375 0.071875 0.0734375
1 0.6828125 0.33515625 0.0546875 0.0578125
1 0.62421875 0.20234375 0.0671875 0.0484375
0 0.30859375 0.11484375 0.0125 0.0390625
0 0.328125 0.35859375 0.05 0.0109375
0 0.30859375 0.55234375 0.0125 0.0390625
0 0.30859375 0.9125 0.0125 0.0375
0 0.32734375 0.92578125 0.025 0.0109375
0 0.75390625 0.828125 0.0125 0.0375
0 0.73515625 0.56640625 0.05 0.0109375
0 0.596875 0.34453125 0.0125 0.0375
0 0.715625 0.11484375 0.0125 0.0390625
0 0.696875 0.1015625 0.025 0.0109375
8 0.30859375 0.71953125 0.0125 0.1875
8 0.628125 0.8421875 0.1453125 0.0109375
8 0.75390625 0.69453125 0.0125 0.1875
8 0.715625 0.4625 0.0125 0.125
8 0.30859375 0.45625 0.0125 0.1265625
8 0.30859375 0.2296875 0.0125 0.125
8 0.453125 0.1015625 0.2171875 0.0109375