0 0.790625 0.12578125 0.0328125 0.0265625
0 0.8921875 0.43828125 0.0328125 0.0203125
0 0.8921875 0.8265625 0.03125 0.01875
0 0.5296875 0.82734375 0.0328125 0.01875
0 0.078125 0.8265625 0.0328125 0.01875
0 0.07890625 0.309375 0.03125 0.01875
0 0.52109375 0.16015625 0.0328125 0.0265625
8 0.8015625 0.20234375 0.0125 0.0546875
8 0.8015625 0.37890625 0.0125 0.0546875
8 0.83828125 0.43828125 0.05 0.0203125
8 0.6515625 0.82734375 0.078125 0.01875
8 0.490625 0.82734375 0.0328125 0.01875
8 0.29296875 0.8265625 0.0328125 0.01875
8 0.153125 0.82734375 0.0328125 0.01875
8 0.06875 0.7046875 0.0125 0.0515625
8 0.66875 0.12578125 0.15625 0.0265625
8 0.28125 0.16015625 0.071875 0.0265625
1 0.5 0.26640625 0.0453125 0.0609375
1 0.4265625 0.4984375 0.053125 0.071875
1 0.7859375 0.49453125 0.053125 0.071875
1 0.6078125 0.5796875 0.040625 0.071875
1 0.4046875 0.5734375 0.0328125 0.0578125
1 0.503125 0.5734375 0.03125 0.059375
1 0.503125 0.70078125 0.03125 0.059375
2 0.0921875 0.56796875 0.059375 0.1390625
2 0.27421875 0.33359375 0.0625 0.065625
2 0.8796875 0.63359375 0.05625 0.13125
6 0.6625 0.3890625 0.265625 0.075