0 0.11328125 0.2 0.03125 0.01640625
0 0.31171875 0.2 0.03203125 0.01640625
0 0.825 0.265625 0.0328125 0.01796875
0 0.82421875 0.42578125 0.0328125 0.01875
0 0.775 0.6515625 0.034375 0.0203125
0 0.728125 0.8578125 0.0140625 0.02734375
0 0.4078125 0.86953125 0.03359375 0.0125
0 0.3328125 0.6515625 0.0265625 0.01796875
0 0.16796875 0.44453125 0.03203125 0.0171875
8 0.1046875 0.228125 0.015625 0.0296875
8 0.15859375 0.37578125 0.01328125 0.0921875
8 0.3265625 0.6203125 0.01328125 0.034375
8 0.39296875 0.6515625 0.0921875 0.0171875
8 0.49296875 0.77734375 0.015625 0.13828125
8 0.55 0.8625 0.07890625 0.01953125
8 0.7828125 0.5484375 0.0171875 0.06953125
8 0.834375 0.3453125 0.0125 0.06953125
8 0.60859375 0.265625 0.10546875 0.0171875
1 0.184375 0.2828125 0.03203125 0.03359375
1 0.27109375 0.2828125 0.03203125 0.03359375
1 0.34609375 0.3859375 0.02734375 0.03046875
1 0.36297983125 0.45073420000000003 0.3318179859375 0.420336640625 0.2975910265625 0.44564910625 0.28290408437500003 0.45581929218750006 0.31317195 0.4893809125 0.36297983125 0.45073420000000003
1 0.4296875 0.48203125 0.046875 0.0359375
1 0.4640625 0.640625 0.02734375 0.040625
1 0.6984375 0.84921875 0.03203125 0.046875
1 0.47578125 0.27734375 0.02734375 0.03984375
1 0.46640625 0.3609375 0.02734375 0.028125
1 0.5375 0.3609375 0.02734375 0.028125
1 0.6875 0.41484375 0.03125 0.03984375
6 0.584375 0.3484375 0.05390625 0.1484375