0 0.15078125 0.16953125 0.0453125 0.028125
0 0.15078125 0.709375 0.04375 0.0234375
0 0.375 0.68515625 0.0109375 0.071875
0 0.53984375 0.70859375 0.04375 0.0234375
0 0.53828125 0.9265625 0.0484375 0.028125
0 0.8515625 0.92734375 0.0453125 0.0234375
0 0.8515625 0.54609375 0.0453125 0.0203125
0 0.85234375 0.1703125 0.0453125 0.028125
0 0.53984375 0.16875 0.04375 0.0265625
0 0.375 0.19140625 0.0109375 0.071875
1 0.22734375 0.3046875 0.05625 0.0984375
1 0.22734375 0.421875 0.05 0.0859375
1 0.3515625 0.346875 0.0609375 0.0953125
1 0.54140625 0.64609375 0.0625 0.096875
1 0.59296875 0.49453125 0.0671875 0.109375
1 0.68515625 0.49375 0.059375 0.1078125
1 0.7390625 0.61640625 0.0546875 0.10625
1 0.6234375 0.753125 0.05 0.103125