0 0.0859375 0.0734375 0.009375 0.0328125
0 0.10078125 0.06328125 0.01875 0.0125
8 0.225 0.06328125 0.115625 0.0125
0 0.91796875 0.89921875 0.028125 0.009375
0 0.92734375 0.8828125 0.009375 0.021875
8 0.92734375 0.7328125 0.009375 0.1328125
8 0.92734375 0.53359375 0.009375 0.1328125
8 0.92734375 0.334375 0.009375 0.1328125
8 0.5625 0.16171875 0.115625 0.0125
8 0.4078125 0.24765625 0.053125 0.0125
8 0.0859375 0.24921875 0.0109375 0.1328125
8 0.0859375 0.51328125 0.009375 0.0609375
8 0.33671875 0.7421875 0.0109375 0.1328125
8 0.4703125 0.89921875 0.115625 0.0125
8 0.6265625 0.89921875 0.078125 0.0125
8 0.75546875 0.89921875 0.078125 0.0125
8 0.87421875 0.8984375 0.059375 0.0109375
1 0.23046875 0.50625 0.0625 0.0609375
1 0.30234375 0.58046875 0.078125 0.08125
1 0.43203125 0.4421875 0.053125 0.071875
1 0.62421875 0.43203125 0.0703125 0.090625
2 0.7953125 0.275 0.1 0.0671875