0 0.79140625 0.09609375 0.025 0.0140625
0 0.80390625 0.31640625 0.025 0.0140625
0 0.80390625 0.6703125 0.025 0.015625
0 0.79140625 0.9328125 0.025 0.0140625
0 0.44296875 0.9328125 0.025 0.0140625
0 0.4390625 0.678125 0.015625 0.0203125
0 0.18828125 0.9328125 0.025 0.0140625
0 0.184375 0.61640625 0.0171875 0.021875
0 0.184375 0.32734375 0.0171875 0.0203125
0 0.4421875 0.31796875 0.025 0.0140625
0 0.43828125 0.09921875 0.015625 0.0203125
0 0.184375 0.09921875 0.0171875 0.0203125
8 0.74765625 0.0953125 0.05 0.0125
8 0.23046875 0.0953125 0.05 0.0125
8 0.92578125 0.21796875 0.0109375 0.053125
8 0.92578125 0.27578125 0.0109375 0.053125
8 0.92578125 0.465625 0.0109375 0.053125
8 0.92578125 0.521875 0.0109375 0.053125
8 0.92578125 0.71015625 0.0109375 0.053125
8 0.92578125 0.76953125 0.0109375 0.053125
8 0.47890625 0.93359375 0.0390625 0.0125
8 0.22890625 0.93359375 0.05 0.0125
8 0.18203125 0.765625 0.0109375 0.065625
8 0.18203125 0.8359375 0.0109375 0.065625
8 0.18203125 0.51875 0.0109375 0.053125
1 0.46171875 0.17578125 0.0640625 0.0484375
1 0.521875 0.24453125 0.065625 0.0484375
1 0.48515625 0.35703125 0.0671875 0.053125
1 0.3953125 0.29765625 0.05625 0.0546875
1 0.3296875 0.3578125 0.0609375 0.046875
1 0.278125 0.4875 0.046875 0.046875
1 0.3984375 0.69140625 0.046875 0.046875
1 0.4578125 0.75390625 0.053125 0.040625
1 0.471875 0.8390625 0.046875 0.046875
8 0.18203125 0.1734375 0.0109375 0.065625
8 0.18203125 0.24296875 0.0109375 0.065625
6 0.62109375 0.4421875 0.340625 0.078125