0 0.20234375 0.815625 0.0421875 0.015625
0 0.86484375 0.81171875 0.040625 0.021875
0 0.86484375 0.2515625 0.040625 0.0234375
0 0.490625 0.09296875 0.040625 0.0234375
0 0.2 0.09296875 0.040625 0.0234375
8 0.18671875 0.71015625 0.0109375 0.175
8 0.40546875 0.815625 0.0265625 0.015625
8 0.5 0.81171875 0.028125 0.021875
8 0.578125 0.81171875 0.028125 0.021875
8 0.6734375 0.81171875 0.0265625 0.021875
8 0.87734375 0.64375 0.015625 0.0859375
8 0.87734375 0.41875 0.015625 0.096875
8 0.50234375 0.17421875 0.0171875 0.11875
8 0.190625 0.259375 0.0203125 0.084375
1 0.26015625 0.45390625 0.0671875 0.0546875
1 0.47265625 0.51328125 0.040625 0.046875
1 0.60546875 0.51640625 0.0328125 0.040625
1 0.715625 0.51640625 0.034375 0.040625
1 0.7578125 0.5640625 0.04375 0.04375
1 0.425 0.6203125 0.0328125 0.053125
1 0.47734375 0.61875 0.040625 0.0484375
1 0.584375 0.61484375 0.034375 0.040625
1 0.71484375 0.61953125 0.040625 0.046875
1 0.62734375 0.27421875 0.040625 0.065625
2 0.74296875 0.2703125 0.065625 0.059375
2 0.428125 0.1109375 0.0671875 0.059375
2 0.2625 0.11171875 0.065625 0.059375
1 0.53359375 0.2734375 0.040625 0.065625