0 0.83203125 0.77265625 0.0359375 0.0125
0 0.496875 0.76953125 0.03125 0.01875
0 0.0953125 0.77265625 0.040625 0.0125
0 0.090625 0.45390625 0.03125 0.0171875
0 0.24609375 0.1296875 0.034375 0.0125
0 0.5015625 0.1296875 0.040625 0.0125
0 0.84296875 0.140625 0.015625 0.034375
0 0.84296875 0.453125 0.015625 0.0328125
0 0.496875 0.453125 0.03125 0.0171875
8 0.84296875 0.2484375 0.015625 0.125
8 0.84296875 0.61171875 0.0140625 0.125
8 0.72421875 0.77265625 0.1 0.0125
8 0.5453125 0.77265625 0.065625 0.0125
8 0.38828125 0.77265625 0.0984375 0.0125
8 0.18125 0.77265625 0.11875 0.0125
8 0.0828125 0.6109375 0.015625 0.1234375
8 0.2359375 0.24921875 0.015625 0.125
8 0.38125 0.1296875 0.13125 0.0109375
8 0.63515625 0.1296875 0.13125 0.0109375
1 0.64140625 0.4859375 0.0859375 0.0578125
1 0.32109375 0.55859375 0.06875 0.0625
1 0.2453125 0.4875 0.084375 0.0578125
2 0.25859375 0.40859375 0.059375 0.075