0 0.7765625 0.1703125 0.05859375 0.0265625
0 0.7765625 0.8125 0.0578125 0.02734375
0 0.2328125 0.8125 0.0578125 0.02734375
0 0.2328125 0.16953125 0.05859375 0.02734375
8 0.31015625 0.16953125 0.09921875 0.03046875
8 0.6296875 0.1703125 0.125 0.03046875
8 0.79453125 0.32109375 0.02734375 0.16015625
8 0.79453125 0.634375 0.02421875 0.1609375
8 0.36328125 0.8125 0.12734375 0.03125
8 0.2140625 0.67734375 0.02734375 0.16015625
8 0.21484375 0.29453125 0.03046875 0.16328125
1 0.48515625 0.2984375 0.0859375 0.08203125
1 0.5625 0.40625 0.08203125 0.11171875
1 0.39921875 0.3890625 0.0796875 0.11484375
1 0.4796875 0.58828125 0.096875 0.1
1 0.575 0.78203125 0.090625 0.1015625