0 0.74296875 0.0578125 0.01875 0.0421875
0 0.1953125 0.05546875 0.0203125 0.0375
0 0.19140625 0.92734375 0.0125 0.0296875
0 0.74296875 0.9140625 0.0171875 0.0546875
1 0.4328125 0.06171875 0.0703125 0.05
1 0.4328125 0.2328125 0.06875 0.05
1 0.51796875 0.26171875 0.0625 0.04375
1 0.5703125 0.303125 0.04375 0.040625
1 0.590625 0.46328125 0.05625 0.040625
1 0.56640625 0.5703125 0.0359375 0.03125
1 0.56640625 0.615625 0.0375 0.034375
1 0.46875 0.61484375 0.0375 0.034375
1 0.46796875 0.725 0.0375 0.034375
1 0.51796875 0.76328125 0.0625 0.04375
1 0.29296875 0.23125 0.034375 0.03125
1 0.39140625 0.8546875 0.040625 0.0359375
1 0.409375 0.88984375 0.0484375 0.034375
8 0.37734375 0.80390625 0.0125 0.0671875
8 0.30234375 0.7484375 0.140625 0.0125
8 0.64765625 0.5921875 0.1125 0.0140625