0 0.7578125 0.88671875 0.04375 0.015625
0 0.58125 0.88671875 0.03125 0.015625
0 0.2578125 0.88671875 0.04375 0.015625
0 0.58125 0.8203125 0.03125 0.015625
0 0.43515625 0.8125 0.0203125 0.0125
0 0.27890625 0.66015625 0.01875 0.03125
0 0.27890625 0.39921875 0.01875 0.03125
0 0.303125 0.2734375 0.0375 0.015625
0 0.303125 0.21796875 0.0375 0.015625
0 0.4625 0.2234375 0.01875 0.0265625
0 0.54609375 0.66171875 0.01875 0.03125
0 0.546875 0.39921875 0.01875 0.03125
0 0.60234375 0.22265625 0.03125 0.015625
0 0.81484375 0.384375 0.0375 0.015625
0 0.81484375 0.215625 0.0375 0.015625
1 0.39140625 0.83203125 0.0375 0.0390625
1 0.43359375 0.69140625 0.04375 0.028125
1 0.43515625 0.2609375 0.0390625 0.040625
1 0.5 0.29921875 0.0515625 0.0515625
1 0.6125 0.34453125 0.05 0.0375
1 0.77265625 0.203125 0.0375 0.040625
1 0.5734375 0.690625 0.04375 0.028125
1 0.61875 0.83203125 0.04375 0.0390625
8 0.178125 0.74375 0.009375 0.0859375
8 0.2828125 0.58515625 0.009375 0.08125
8 0.2828125 0.475 0.009375 0.08125
8 0.25859375 0.3328125 0.009375 0.0734375
8 0.31484375 0.2453125 0.0046875 0.040625
8 0.79609375 0.29140625 0.009375 0.08125
8 0.79609375 0.74296875 0.0125 0.0984375
8 0.571875 0.3875 0.03125 0.0078125