1 0.575 0.93359375 0.046875 0.05
0 0.86640625 0.94765625 0.00625 0.021875
8 0.86640625 0.7953125 0.00625 0.078125
8 0.39765625 0.72890625 0.0765625 0.00625
8 0.25 0.80703125 0.078125 0.00625
0 0.16015625 0.796875 0.00625 0.0265625
5 0.309375 0.39921875 0.00625 0.096875
8 0.21953125 0.32265625 0.078125 0.00625
8 0.128125 0.27734375 0.00625 0.0390625
8 0.128125 0.12421875 0.00625 0.0375
0 0.128125 0.084375 0.00625 0.0171875
8 0.21875 0.07890625 0.0765625 0.00625
1 0.35703125 0.146875 0.046875 0.0515625
1 0.47109375 0.15703125 0.0296875 0.0421875
8 0.503125 0.07890625 0.0390625 0.00625
0 0.5453125 0.0890625 0.00625 0.028125
8 0.5453125 0.2546875 0.00625 0.078125
1 0.39140625 0.28828125 0.0296875 0.0421875
6 0.47421875 0.25546875 0.1375 0.128125
8 0.5453125 0.4109375 0.00625 0.078125
1 0.5328125 0.69921875 0.03125 0.0453125