0 0.13359375 0.871875 0.028125 0.009375
0 0.12421875 0.8578125 0.009375 0.01875
0 0.84765625 0.14140625 0.028125 0.009375
0 0.8578125 0.15703125 0.009375 0.021875
8 0.16484375 0.871875 0.034375 0.009375
8 0.4546875 0.871875 0.046875 0.009375
8 0.70703125 0.746875 0.009375 0.046875
8 0.70703125 0.6859375 0.009375 0.05
8 0.8578125 0.48515625 0.009375 0.046875
8 0.8578125 0.28125 0.009375 0.05
8 0.8578125 0.221875 0.009375 0.046875
8 0.6015625 0.14140625 0.084375 0.009375
8 0.44765625 0.14140625 0.084375 0.009375
8 0.125 0.30625 0.009375 0.13125
5 0.1953125 0.55859375 0.009375 0.109375
1 0.22265625 0.68515625 0.0625 0.05625
8 0.12421875 0.79609375 0.009375 0.1015625
1 0.315625 0.6921875 0.05 0.053125
1 0.28359375 0.55703125 0.0625 0.05625
1 0.471875 0.70859375 0.0375 0.04375
1 0.475 0.57265625 0.04375 0.046875
1 0.5265625 0.5765625 0.05 0.053125
1 0.34921875 0.4328125 0.071875 0.0734375
5 0.640625 0.60390625 0.128125 0.009375
1 0.72421875 0.5171875 0.04375 0.0375
1 0.709375 0.17890625 0.0625 0.06875
5 0.57109375 0.4171875 0.096875 0.009375
6 0.4484375 0.3046875 0.125 0.3171875