0 0.29375 0.175 0.028125 0.03515625
0 0.434375 0.1734375 0.01640625 0.01953125
0 0.51796875 0.1734375 0.015625 0.01953125
0 0.65625 0.17890625 0.0234375 0.0328125
0 0.4375 0.1203125 0.0234375 0.02890625
0 0.5140625 0.121875 0.02265625 0.03125
8 0.32265625 0.2828125 0.0328125 0.00703125
8 0.415625 0.2828125 0.0328125 0.00546875
8 0.5375 0.2828125 0.0328125 0.00625
1 0.36953125 0.2828125 0.04609375 0.00625
1 0.5828125 0.28203125 0.0453125 0.00625
8 0.62890625 0.2828125 0.0328125 0.00625
8 0.6609375 0.31796875 0.0046875 0.0390625
1 0.67890625 0.3859375 0.0234375 0.00546875
1 0.7328125 0.4453125 0.003125 0.028125
1 0.7328125 0.409375 0.00234375 0.03125
1 0.74296875 0.38828125 0.01640625 0.003125
7 0.7484375 0.3484375 0.01640625 0.00703125
7 0.77109375 0.3484375 0.01640625 0.00625
7 0.79375 0.3484375 0.0171875 0.00546875
8 0.853125 0.4515625 0.00546875 0.02890625
8 0.85234375 0.5296875 0.0046875 0.0328125
1 0.7328125 0.5375 0.0046875 0.02890625
1 0.7328125 0.5734375 0.0046875 0.03046875
1 0.74296875 0.5953125 0.01484375 0.00390625
1 0.765625 0.59453125 0.015625 0.003125
1 0.790625 0.59453125 0.01640625 0.003125
7 0.7484375 0.634375 0.0171875 0.00625
7 0.771875 0.634375 0.015625 0.00625
7 0.79375 0.634375 0.01640625 0.00703125
8 0.69453125 0.69375 0.00546875 0.04921875
8 0.69375 0.7671875 0.0046875 0.05
8 0.6296875 0.82265625 0.0546875 0.009375
8 0.56328125 0.7671875 0.0046875 0.053125
1 0.6296875 0.6359375 0.04765625 0.0046875
1 0.5296875 0.6359375 0.02421875 0.0046875
1 0.47578125 0.6890625 0.0484375 0.0078125
1 0.4203125 0.6375 0.0234375 0.00546875
1 0.37890625 0.6078125 0.0046875 0.05078125
1 0.290625 0.525 0.00546875 0.0609375
1 0.28984375 0.43359375 0.0046875 0.0328125
8 0.24375 0.3484375 0.04140625 0.00625
8 0.21171875 0.6609375 0.00703125 0.0609375
8 0.2859375 0.7453125 0.05 0.00859375
8 0.39765625 0.7453125 0.0265625 0.0078125
8 0.4375 0.7203125 0.00546875 0.03828125
0 0.4328125 0.79921875 0.0265625 0.03125
0 0.51953125 0.8046875 0.0234375 0.02265625
1 0.19609375 0.5140625 0.0046875 0.05078125
0 0.3734375 0.56875 0.0296875 0.02578125
4 0.66171875 0.5359375 0.0078125 0.034375
4 0.69453125 0.4921875 0.00390625 0.03984375
4 0.67890625 0.5765625 0.0234375 0.0078125