1 0.48671875 0.25 0.07890625 0.1046875
1 0.5890625 0.32578125 0.07265625 0.0515625
1 0.6140625 0.24296875 0.06796875 0.090625
1 0.1953125 0.3265625 0.1171875 0.07734375
1 0.51484375 0.49453125 0.07890625 0.0921875
1 0.4453125 0.56015625 0.07421875 0.0515625
1 0.5125 0.61953125 0.0671875 0.06953125
1 0.5078125 0.79921875 0.10390625 0.0625
8 0.85859375 0.70078125 0.0734375 0.115625
8 0.1671875 0.61640625 0.059375 0.071875
8 0.8578125 0.334375 0.0734375 0.11328125
8 0.28125 0.23125 0.11953125 0.0671875
0 0.1640625 0.74453125 0.0578125 0.02421875
0 0.8296875 0.9234375 0.05546875 0.02578125
0 0.8296875 0.21171875 0.05703125 0.0265625
0 0.1640625 0.2109375 0.059375 0.028125