0 0.8640625 0.959375 0.03125 0.009375
0 0.8734375 0.734375 0.0125 0.025
0 0.8734375 0.4390625 0.0125 0.0234375
0 0.8640625 0.14140625 0.03125 0.0109375
0 0.36171875 0.14140625 0.03125 0.009375
0 0.36171875 0.43125 0.0296875 0.0078125
0 0.0640625 0.4296875 0.03125 0.009375
0 0.0640625 0.72890625 0.03125 0.009375
0 0.0640625 0.959375 0.03125 0.009375
0 0.3640625 0.959375 0.03125 0.009375
0 0.3640625 0.728125 0.03125 0.009375
8 0.62265625 0.959375 0.1046875 0.0125
8 0.309375 0.959375 0.0765625 0.009375
8 0.1453125 0.959375 0.103125 0.0109375
8 0.0546875 0.9125 0.015625 0.0625
8 0.1375 0.4296875 0.078125 0.0125
8 0.621875 0.14140625 0.1046875 0.0125
8 0.79375 0.14140625 0.103125 0.0125
1 0.2859375 0.84296875 0.075 0.053125
1 0.34453125 0.7671875 0.075 0.05
1 0.22421875 0.7046875 0.0640625 0.0578125
1 0.48984375 0.51875 0.075 0.05
1 0.67109375 0.45390625 0.0671875 0.059375
1 0.79921875 0.6421875 0.065625 0.0578125
1 0.69375 0.58359375 0.065625 0.0578125
8 0.8734375 0.9125 0.015625 0.08125
6 0.821875 0.31640625 0.1890625 0.3359375
5 0.48359375 0.43125 0.20625 0.0125