0 0.8875 0.6875 0.01875 0.075
0 0.91796875 0.3296875 0.021875 0.009375
0 0.078125 0.49375 0.0265625 0.009375
0 0.35078125 0.6921875 0.03125 0.0140625
8 0.89375 0.50234375 0.009375 0.078125
8 0.925 0.37578125 0.0078125 0.08125
8 0.57578125 0.3109375 0.03125 0.009375
8 0.0921875 0.7375 0.0546875 0.0140625
8 0.1703125 0.6921875 0.05 0.0140625
8 0.28828125 0.6921875 0.09375 0.0140625
8 0.41328125 0.6921875 0.0921875 0.0140625
8 0.53046875 0.6921875 0.05 0.0140625
8 0.60703125 0.7375 0.0546875 0.0125
8 0.68984375 0.72109375 0.09375 0.0078125
8 0.82265625 0.72109375 0.09375 0.0078125
1 0.7828125 0.41328125 0.0265625 0.028125
1 0.740625 0.4578125 0.040625 0.05625
1 0.66015625 0.4078125 0.0375 0.040625
1 0.6546875 0.509375 0.0375 0.0421875
1 0.6140625 0.41171875 0.028125 0.03125
1 0.62265625 0.58046875 0.028125 0.040625
1 0.37421875 0.32890625 0.0421875 0.046875
1 0.334375 0.54609375 0.040625 0.05625
1 0.1125 0.58203125 0.03125 0.04375