0 0.1234375 0.1359375 0.025 0.05703125
8 0.1234375 0.27109375 0.02578125 0.17109375
8 0.546875 0.2640625 0.03671875 0.0359375
8 0.80625 0.44765625 0.0328125 0.0765625
8 0.80546875 0.62734375 0.03046875 0.0796875
8 0.3625 0.8203125 0.03046875 0.07734375
0 0.80625 0.271875 0.02734375 0.05703125
0 0.80546875 0.89140625 0.03359375 0.05859375
0 0.36171875 0.89375 0.0328125 0.059375
2 0.46484375 0.88359375 0.08828125 0.078125
2 0.6828125 0.88515625 0.08125 0.07578125
1 0.38828125 0.63125 0.0828125 0.07109375
1 0.59140625 0.46796875 0.0515625 0.0484375
1 0.55078125 0.409375 0.04375 0.05078125
1 0.4828125 0.4046875 0.05078125 0.0515625
1 0.48125 0.54296875 0.04921875 0.04609375
6 0.41640625 0.5078125 0.0984375 0.1546875