0 0.89140625 0.15546875 0.0109375 0.0375
0 0.875 0.14296875 0.021875 0.0125
8 0.7375 0.14296875 0.13125 0.0125
8 0.24765625 0.24375 0.1296875 0.0125
8 0.10625 0.39609375 0.0109375 0.15
8 0.10625 0.79453125 0.0109375 0.090625
0 0.10625 0.87109375 0.0109375 0.0375
0 0.12265625 0.88359375 0.021875 0.0125
8 0.21484375 0.88359375 0.078125 0.0125
8 0.58828125 0.88359375 0.13125 0.0125
8 0.7828125 0.88359375 0.1296875 0.0125
8 0.89140625 0.759375 0.0109375 0.15
8 0.8921875 0.5359375 0.0109375 0.15
8 0.89140625 0.29765625 0.0109375 0.15
1 0.57265625 0.19375 0.090625 0.090625
1 0.35546875 0.51484375 0.059375 0.08125
1 0.36015625 0.84453125 0.0703125 0.06875
1 0.35546875 0.675 0.059375 0.0796875
1 0.2265625 0.58828125 0.06875 0.06875