1 0.42265625 0.88359375 0.0453125 0.05
0 0.13828125 0.89765625 0.00625 0.021875
8 0.13828125 0.74921875 0.0046875 0.0765625
8 0.59609375 0.68359375 0.075 0.00625
8 0.740625 0.7609375 0.075 0.00625
0 0.82890625 0.75078125 0.0046875 0.0265625
5 0.6828125 0.36171875 0.00625 0.09375
8 0.77109375 0.28671875 0.075 0.00625
8 0.859375 0.24296875 0.00625 0.0375
8 0.859375 0.09296875 0.00625 0.0375
0 0.859375 0.05390625 0.00625 0.0171875
8 0.77109375 0.04921875 0.075 0.00625
1 0.6359375 0.11484375 0.046875 0.05
1 0.525 0.125 0.028125 0.040625
8 0.49296875 0.04921875 0.0375 0.00625
0 0.4515625 0.05859375 0.00625 0.0265625
8 0.4515625 0.2203125 0.00625 0.075
1 0.60234375 0.25390625 0.028125 0.040625
6 0.521875 0.22109375 0.134375 0.125
8 0.4515625 0.3734375 0.00625 0.075
1 0.4640625 0.65546875 0.03125 0.04375