0 0.88671875 0.7375 0.01875 0.065625
0 0.54453125 0.76171875 0.0453125 0.01875
0 0.36953125 0.76171875 0.04375 0.01875
0 0.13046875 0.7609375 0.04375 0.01875
0 0.1171875 0.46015625 0.01875 0.065625
0 0.1171875 0.1828125 0.01875 0.0640625
0 0.36953125 0.1578125 0.0453125 0.01875
0 0.54453125 0.1578125 0.0453125 0.01875
0 0.88671875 0.18203125 0.01875 0.065625
8 0.88671875 0.28828125 0.01875 0.075
8 0.88671875 0.4328125 0.01875 0.128125
6 0.80234375 0.6078125 0.15 0.2890625
6 0.5484375 0.43359375 0.10625 0.2953125
8 0.1171875 0.31484375 0.01875 0.19375
1 0.584375 0.22421875 0.078125 0.1
1 0.4328125 0.2265625 0.078125 0.096875
1 0.44453125 0.34296875 0.06875 0.1140625
1 0.34765625 0.51640625 0.0625 0.065625
1 0.346875 0.58984375 0.0625 0.0625
1 0.31640625 0.703125 0.0703125 0.096875
1 0.21875 0.44921875 0.05625 0.0875
1 0.578125 0.6765625 0.084375 0.096875