8 0.95078125 0.68125 0.009375 0.06875
8 0.95078125 0.55 0.009375 0.06875
8 0.95078125 0.4171875 0.009375 0.06875
8 0.87421875 0.3328125 0.1171875 0.00625
2 0.771875 0.253125 0.0625 0.0625
1 0.49765625 0.409375 0.0515625 0.034375
1 0.49375 0.5125 0.0609375 0.03125
8 0.559375 0.62578125 0.053125 0.00625
1 0.49375 0.64375 0.0609375 0.03125
1 0.396875 0.69453125 0.059375 0.040625
1 0.33359375 0.6234375 0.06875 0.034375
1 0.1578125 0.73203125 0.06875 0.034375
1 0.33359375 0.51484375 0.06875 0.034375
1 0.33359375 0.475 0.06875 0.034375
1 0.396875 0.40390625 0.059375 0.040625
8 0.6578125 0.17421875 0.1171875 0.00625
8 0.88828125 0.7421875 0.1171875 0.00625
8 0.65546875 0.7421875 0.1171875 0.00625
8 0.559375 0.7421875 0.053125 0.00625
8 0.46875 0.79765625 0.009375 0.06875
8 0.353125 0.853125 0.115625 0.0046875
8 0.14765625 0.853125 0.053125 0.00625
8 0.06171875 0.6578125 0.009375 0.06875
8 0.06171875 0.546875 0.009375 0.06875
8 0.06171875 0.43359375 0.009375 0.06875
8 0.06171875 0.34921875 0.009375 0.06875
8 0.06171875 0.2109375 0.009375 0.06875
1 0.565625 0.64375 0.059375 0.0296875
5 0.27734375 0.175 0.284375 0.00625
0 0.78828125 0.17421875 0.03125 0.00625
0 0.7984375 0.18359375 0.009375 0.0125