8 0.40234375 0.83359375 0.0765625 0.0140625
8 0.17109375 0.63828125 0.0109375 0.0890625
8 0.17109375 0.2953125 0.0109375 0.0875
8 0.3890625 0.18671875 0.03125 0.0125
8 0.49375 0.18671875 0.06875 0.0125
8 0.6296875 0.18671875 0.0671875 0.0125
8 0.771875 0.18671875 0.06875 0.0125
8 0.54140625 0.6609375 0.0796875 0.0125
8 0.64453125 0.521875 0.0109375 0.121875
0 0.31640625 0.76796875 0.0125 0.034375
0 0.48828125 0.76796875 0.0125 0.034375
0 0.18125 0.778125 0.03125 0.0140625
0 0.17109375 0.553125 0.0125 0.034375
5 0.215625 0.54296875 0.078125 0.0140625
5 0.21484375 0.4203125 0.078125 0.0140625
1 0.4609375 0.6609375 0.046875 0.0625
1 0.6171875 0.6359375 0.0453125 0.0625
1 0.80234375 0.35859375 0.0484375 0.0625
1 0.28828125 0.5671875 0.046875 0.0625
1 0.315625 0.39609375 0.0453125 0.0625
1 0.6859375 0.35859375 0.0453125 0.0625
1 0.56640625 0.2109375 0.046875 0.0609375
0 0.48828125 0.553125 0.0125 0.034375
0 0.18125 0.18671875 0.03125 0.0125
0 0.44375 0.18671875 0.03125 0.0125
0 0.82109375 0.18671875 0.03125 0.0125
0 0.8296875 0.553125 0.0140625 0.034375
0 0.82109375 0.778125 0.03125 0.0140625