0 0.834375 0.89140625 0.034375 0.028125
0 0.94140625 0.559375 0.034375 0.021875
0 0.94140625 0.1453125 0.034375 0.01875
0 0.55703125 0.1453125 0.0359375 0.01875
0 0.078125 0.1453125 0.034375 0.01875
0 0.078125 0.6953125 0.034375 0.01875
0 0.5484375 0.8546875 0.034375 0.028125
8 0.8453125 0.81015625 0.0125 0.0578125
8 0.8453125 0.621875 0.0125 0.0578125
8 0.884375 0.559375 0.053125 0.021875
8 0.6859375 0.1453125 0.084375 0.01875
8 0.515625 0.1453125 0.034375 0.01875
8 0.30625 0.1453125 0.034375 0.01875
8 0.1578125 0.1453125 0.034375 0.01875
8 0.06796875 0.275 0.0125 0.053125
8 0.7046875 0.89140625 0.165625 0.028125
8 0.29296875 0.8546875 0.075 0.028125
1 0.525 0.74140625 0.0484375 0.0640625
1 0.446875 0.4953125 0.05625 0.075
1 0.82890625 0.49921875 0.05625 0.075
1 0.63984375 0.4078125 0.04375 0.075
1 0.42421875 0.41484375 0.034375 0.0625
1 0.52890625 0.41484375 0.034375 0.0625
1 0.52890625 0.2796875 0.034375 0.0640625
2 0.0921875 0.4203125 0.0625 0.146875
2 0.2859375 0.6703125 0.0671875 0.06875
2 0.928125 0.35078125 0.059375 0.140625
6 0.69765625 0.61171875 0.28125 0.0796875