0 0.80703125 0.20390625 0.00859375 0.021875
0 0.74140625 0.3515625 0.00859375 0.021875
0 0.80625 0.3515625 0.00859375 0.021875
0 0.85859375 0.44375 0.00859375 0.02265625
0 0.74140625 0.44375 0.00859375 0.02265625
0 0.50234375 0.44375 0.009375 0.02265625
0 0.85859375 0.72421875 0.00859375 0.021875
0 0.51015625 0.73125 0.0234375 0.0078125
0 0.50078125 0.7953125 0.00859375 0.02265625
0 0.38671875 0.83828125 0.00859375 0.02265625
0 0.38828125 0.7953125 0.00859375 0.02265625
0 0.15703125 0.61640625 0.0078125 0.02265625
0 0.15703125 0.528125 0.0078125 0.02265625
0 0.15703125 0.3921875 0.0078125 0.02265625
0 0.1234375 0.3765625 0.00859375 0.021875
0 0.1234375 0.22578125 0.00859375 0.02265625
0 0.1578125 0.20390625 0.0078125 0.021875
0 0.15703125 0.83828125 0.0078125 0.02265625
0 0.51015625 0.196875 0.0234375 0.00859375
8 0.590625 0.19609375 0.11015625 0.00703125
8 0.2984375 0.19609375 0.109375 0.00703125
8 0.27421875 0.84609375 0.09765625 0.00625
8 0.15703125 0.6609375 0.0078125 0.04296875
8 0.15703125 0.56640625 0.0078125 0.04296875
8 0.15703125 0.45 0.0078125 0.08359375
8 0.859375 0.6125 0.00625 0.07109375
1 0.43984375 0.21640625 0.04453125 0.04921875
1 0.721875 0.3984375 0.04609375 0.0390625
1 0.771875 0.43046875 0.04375 0.04921875
1 0.84140625 0.47734375 0.0421875 0.0359375
1 0.45234375 0.78203125 0.04375 0.04921875
1 0.36015625 0.7203125 0.04921875 0.0484375
1 0.2984375 0.678125 0.04453125 0.03828125
6 0.77421875 0.2703125 0.0578125 0.21875
6 0.27578125 0.57109375 0.2296875 0.09921875
0 0.74140625 0.20390625 0.00859375 0.021875
1 0.35 0.6453125 0.04375 0.04921875