0 0.828125 0.19609375 0.0171875 0.05625
0 0.56484375 0.19453125 0.0171875 0.0578125
0 0.32578125 0.19453125 0.015625 0.0578125
0 0.1015625 0.30234375 0.0171875 0.05625
0 0.1015625 0.51796875 0.0171875 0.0578125
0 0.828125 0.4375 0.0171875 0.0578125
0 0.828125 0.80546875 0.0171875 0.0578125
0 0.56796875 0.80546875 0.0171875 0.0578125
0 0.26640625 0.56328125 0.0171875 0.0578125
0 0.26640625 0.71171875 0.0171875 0.05625
8 0.4453125 0.17265625 0.090625 0.0109375
8 0.690625 0.17265625 0.090625 0.0109375
8 0.69765625 0.82734375 0.1015625 0.0109375
8 0.20546875 0.540625 0.090625 0.0109375
8 0.36484375 0.7359375 0.1484375 0.0109375
1 0.28515625 0.2390625 0.0671875 0.0921875
1 0.60546875 0.37265625 0.06875 0.0953125
1 0.6046875 0.5828125 0.0671875 0.09375
1 0.71171875 0.50859375 0.0546875 0.0578125
2 0.5109375 0.71171875 0.075 0.0578125
0 0.5640625 0.5640625 0.0171875 0.059375