0 0.06484375 0.1359375 0.028125 0.015625
0 0.37421875 0.1359375 0.0296875 0.015625
0 0.690625 0.1359375 0.0296875 0.015625
0 0.95546875 0.1359375 0.0296875 0.015625
0 0.06484375 0.82734375 0.028125 0.015625
0 0.37421875 0.828125 0.0296875 0.015625
0 0.690625 0.82734375 0.0296875 0.0171875
0 0.38671875 0.48125 0.021875 0.025
0 0.66640625 0.48125 0.021875 0.0234375
0 0.95546875 0.82734375 0.028125 0.015625
0 0.8578125 0.38828125 0.0109375 0.0453125
0 0.9640625 0.38828125 0.0109375 0.0453125
8 0.73828125 0.7140625 0.0125 0.1953125
6 0.9109375 0.27109375 0.096875 0.253125