0 0.76796875 0.82265625 0.03125 0.025
0 0.7578125 0.16171875 0.053125 0.025
0 0.2546875 0.1109375 0.053125 0.025
0 0.33125 0.8796875 0.034375 0.015625
8 0.31875 0.7265625 0.009375 0.1671875
8 0.7765625 0.7453125 0.0140625 0.1078125
8 0.7765625 0.2390625 0.0140625 0.1078125
8 0.63125 0.16171875 0.0515625 0.0234375
8 0.49375 0.1109375 0.0515625 0.025
8 0.41484375 0.1109375 0.0296875 0.025
8 0.23515625 0.3734375 0.0140625 0.090625
8 0.275 0.4875 0.0375 0.025
1 0.57109375 0.72578125 0.0453125 0.0640625
1 0.6046875 0.72578125 0.04375 0.0640625
1 0.61328125 0.53359375 0.0453125 0.065625
1 0.371875 0.5328125 0.04375 0.0625
1 0.334375 0.44296875 0.046875 0.065625
1 0.41484375 0.32265625 0.0375 0.0453125
1 0.4171875 0.37421875 0.046875 0.0671875
1 0.45625 0.3734375 0.046875 0.065625