0 0.89453125 0.8890625 0.0078125 0.03125
0 0.65625 0.8890625 0.00625 0.03125
0 0.48203125 0.74609375 0.0078125 0.03125
0 0.11328125 0.734375 0.009375 0.03125
0 0.11328125 0.43125 0.009375 0.03125
0 0.17890625 0.07734375 0.0078125 0.03125
0 0.48203125 0.4328125 0.0078125 0.028125
0 0.89453125 0.078125 0.00625 0.03125
0 0.89453125 0.42265625 0.00625 0.0296875
0 0.89453125 0.57265625 0.0078125 0.03125
2 0.675 0.74921875 0.0453125 0.0828125
8 0.778125 0.9 0.1203125 0.009375
8 0.48203125 0.79921875 0.009375 0.046875
8 0.11328125 0.58359375 0.009375 0.0875
8 0.24921875 0.0671875 0.053125 0.009375
8 0.41640625 0.0671875 0.0609375 0.009375
8 0.553125 0.0671875 0.0875 0.009375
8 0.75859375 0.0671875 0.1 0.009375
8 0.91484375 0.49765625 0.009375 0.0875
8 0.89453125 0.65078125 0.009375 0.0375
1 0.79453125 0.66875 0.046875 0.05
1 0.6734375 0.671875 0.0421875 0.04375
1 0.59375 0.8375 0.0546875 0.065625
1 0.56875 0.465625 0.040625 0.0375
1 0.76640625 0.3453125 0.0484375 0.046875
1 0.43671875 0.34296875 0.046875 0.05625
1 0.1984375 0.3796875 0.0453125 0.0421875