0 0.4015625 0.1625 0.009375 0.03125
0 0.27734375 0.25234375 0.021875 0.015625
0 0.246875 0.7125 0.009375 0.0296875
0 0.27421875 0.721875 0.021875 0.015625
0 0.26875 0.83515625 0.009375 0.0296875
0 0.46796875 0.83515625 0.0109375 0.0296875
0 0.4625 0.721875 0.021875 0.015625
0 0.7484375 0.7125 0.009375 0.028125
0 0.7484375 0.45546875 0.009375 0.0296875
0 0.57109375 0.1625 0.009375 0.03125
0 0.7109375 0.25234375 0.021875 0.015625
0 0.7109375 0.44609375 0.021875 0.015625
0 0.4625 0.4484375 0.021875 0.015625
8 0.64375 0.2515625 0.065625 0.0125
8 0.54375 0.2515625 0.028125 0.0125
8 0.47890625 0.2515625 0.059375 0.0125
8 0.3375 0.2515625 0.065625 0.0125
8 0.259375 0.446875 0.01875 0.0125
8 0.334375 0.7203125 0.0796875 0.0125
8 0.5234375 0.7203125 0.0671875 0.0125
8 0.66953125 0.7203125 0.065625 0.0125
1 0.42578125 0.23046875 0.040625 0.05625
1 0.54296875 0.3765625 0.046875 0.05625
1 0.5953125 0.42578125 0.040625 0.05625
1 0.61875 0.54140625 0.04375 0.05625
1 0.5671875 0.54140625 0.04375 0.05625
1 0.51484375 0.48359375 0.059375 0.0625
1 0.42578125 0.42578125 0.040625 0.05625
1 0.41796875 0.69765625 0.04375 0.059375