0 0.121875 0.14609375 0.0125 0.01875
0 0.121875 0.38515625 0.0125 0.01875
0 0.2484375 0.39296875 0.0125 0.0171875
0 0.2484375 0.61953125 0.0125 0.01875
0 0.23671875 0.81640625 0.01875 0.0125
0 0.309375 0.14609375 0.0125 0.01875
0 0.31171875 0.46328125 0.0125 0.0171875
0 0.51484375 0.46328125 0.0125 0.0171875
0 0.51484375 0.61875 0.0125 0.01875
0 0.67109375 0.81640625 0.01875 0.0125
0 0.6765625 0.559375 0.01875 0.0125
0 0.8671875 0.81640625 0.01875 0.0125
0 0.8671875 0.559375 0.01875 0.0125
0 0.74140625 0.46796875 0.01875 0.0125
0 0.68828125 0.209375 0.0125 0.01875
0 0.6296875 0.153125 0.0125 0.01875
2 0.11953125 0.26640625 0.0484375 0.075
2 0.2921875 0.26640625 0.0484375 0.075
8 0.3109375 0.1875 0.009375 0.0453125
8 0.1203125 0.17265625 0.009375 0.034375
8 0.15234375 0.1421875 0.0375 0.009375
8 0.21640625 0.14296875 0.0578125 0.009375
8 0.28125 0.14296875 0.0375 0.009375
8 0.3109375 0.3453125 0.009375 0.0453125
8 0.3109375 0.42578125 0.009375 0.05625
8 0.51640625 0.41171875 0.0078125 0.0359375
8 0.1203125 0.35859375 0.009375 0.034375
8 0.15 0.3890625 0.0375 0.009375
8 0.24609375 0.4296875 0.009375 0.0359375
8 0.24609375 0.50625 0.009375 0.0671875
8 0.24609375 0.5828125 0.009375 0.0359375
8 0.23203125 0.6734375 0.009375 0.0453125
8 0.23203125 0.76796875 0.009375 0.0453125
8 0.284375 0.8171875 0.046875 0.009375
8 0.41328125 0.8171875 0.046875 0.009375
8 0.47578125 0.8171875 0.0375 0.009375
8 0.56015625 0.8171875 0.0375 0.009375
8 0.63984375 0.8171875 0.0453125 0.009375
8 0.6984375 0.8171875 0.0359375 0.0109375
8 0.81171875 0.8171875 0.046875 0.009375
8 0.8125 0.559375 0.046875 0.0125
8 0.67265625 0.5203125 0.009375 0.04375
8 0.67265625 0.4171875 0.009375 0.0359375
8 0.66328125 0.20546875 0.0359375 0.009375
6 0.38515625 0.59921875 0.171875 0.0375