0 0.78125 0.2625 0.12109375 0.0234375
0 0.359375 0.26328125 0.1921875 0.02578125
0 0.28125 0.490625 0.0328125 0.13203125
0 0.67890625 0.48984375 0.03125 0.13125
8 0.8046875 0.54921875 0.16171875 0.0171875
8 0.3953125 0.54921875 0.1578125 0.01484375
8 0.59765625 0.59296875 0.1 0.0125
8 0.44609375 0.31953125 0.01875 0.040625
8 0.5484375 0.26640625 0.0546875 0.01640625
1 0.8765625 0.2640625 0.08125 0.0109375
1 0.65 0.35078125 0.0625 0.01484375
1 0.5546875 0.3796875 0.015625 0.05625
1 0.371875 0.35 0.06484375 0.0140625
4 0.64453125 0.4125 0.071875 0.01171875