0 0.1328125 0.178125 0.01875 0.0078125
0 0.1015625 0.428125 0.0234375 0.015625
0 0.2375 0.4265625 0.0125 0.01875
0 0.2375 0.27734375 0.0125 0.01875
0 0.1609375 0.84765625 0.0265625 0.0125
0 0.90234375 0.74375 0.0265625 0.0125
0 0.9078125 0.178125 0.015625 0.0078125
8 0.6359375 0.42421875 0.009375 0.0703125
8 0.4734375 0.74375 0.2265625 0.0125
8 0.55703125 0.74375 0.059375 0.0125
8 0.09296875 0.53984375 0.00625 0.0671875
8 0.09296875 0.6109375 0.00625 0.0671875
8 0.09296875 0.684375 0.00625 0.0671875
1 0.15546875 0.33515625 0.0640625 0.0921875
1 0.66953125 0.7203125 0.0515625 0.059375
1 0.478125 0.3171875 0.0453125 0.0625
1 0.61640625 0.3125 0.05 0.0703125
1 0.17734375 0.22890625 0.028125 0.0671875
6 0.334375 0.228125 0.1828125 0.0921875
5 0.54375 0.27109375 0.0890625 0.0234375