0 0.13359375 0.5125 0.0078125 0.021875
0 0.13359375 0.2078125 0.0078125 0.021875
0 0.28359375 0.06484375 0.009375 0.021875
0 0.28359375 0.2140625 0.009375 0.021875
0 0.284375 0.5125 0.009375 0.021875
0 0.4921875 0.515625 0.021875 0.0140625
0 0.65625 0.515625 0.021875 0.0140625
0 0.4859375 0.2140625 0.009375 0.021875
0 0.865625 0.515625 0.021875 0.0140625
0 0.82734375 0.82109375 0.021875 0.015625
0 0.8203125 0.96015625 0.009375 0.021875
0 0.659375 0.96484375 0.0171875 0.0125
0 0.52578125 0.96015625 0.009375 0.021875
0 0.659375 0.73515625 0.0171875 0.0125
0 0.48984375 0.73515625 0.015625 0.0125
8 0.13359375 0.5671875 0.0109375 0.0859375
8 0.13125 0.36328125 0.015625 0.0453125
8 0.11171875 0.15859375 0.0078125 0.06875
8 0.11171875 0.06953125 0.0078125 0.06875
8 0.13828125 0.02734375 0.040625 0.0109375
8 0.196875 0.02734375 0.040625 0.009375
8 0.284375 0.09453125 0.0109375 0.034375
8 0.28359375 0.1640625 0.0109375 0.0359375
8 0.3125 0.2109375 0.0328125 0.015625
8 0.3609375 0.2109375 0.034375 0.015625
8 0.40859375 0.2109375 0.034375 0.015625
8 0.45703125 0.2109375 0.034375 0.015625
8 0.4859375 0.27578125 0.0125 0.05
8 0.4859375 0.36328125 0.0125 0.0515625
8 0.4859375 0.45078125 0.0125 0.0515625
8 0.28359375 0.278125 0.0125 0.0484375
8 0.31953125 0.515625 0.0390625 0.015625
8 0.38515625 0.515625 0.065625 0.015625
8 0.45078125 0.51640625 0.0375 0.015625
8 0.546875 0.515625 0.0328125 0.015625
8 0.5921875 0.515625 0.0328125 0.015625
8 0.71953125 0.515625 0.0328125 0.015625
8 0.74609375 0.44609375 0.009375 0.084375
8 0.8734375 0.446875 0.0109375 0.084375
8 0.7015625 0.70390625 0.0125 0.053125
8 0.315625 0.62109375 0.03125 0.01875
8 0.4515625 0.62109375 0.03125 0.015625
8 0.4859375 0.67890625 0.0125 0.05
8 0.52578125 0.83515625 0.0125 0.04375
8 0.52578125 0.92265625 0.0109375 0.04375
8 0.5703125 0.96484375 0.071875 0.0140625
8 0.69375 0.965625 0.034375 0.0140625
8 0.82109375 0.89921875 0.0125 0.04375
1 0.86484375 0.7703125 0.0375 0.0578125
1 0.86484375 0.6828125 0.040625 0.0578125
1 0.86484375 0.59375 0.0375 0.0546875
1 0.7078125 0.85 0.028125 0.040625
6 0.57734375 0.6765625 0.178125 0.1125
1 0.4015625 0.61015625 0.034375 0.040625
1 0.36796875 0.61015625 0.03125 0.0421875
2 0.69765625 0.56953125 0.03125 0.084375