0 0.93125 0.93984375 0.0375 0.01875
0 0.940625 0.3515625 0.0171875 0.0578125
0 0.0765625 0.196875 0.0171875 0.053125
0 0.09140625 0.81875 0.0484375 0.0296875
8 0.7625 0.93984375 0.028125 0.01875
8 0.721875 0.93984375 0.028125 0.01875
8 0.6828125 0.93984375 0.028125 0.01875
8 0.59296875 0.93515625 0.03125 0.028125
8 0.5015625 0.81875 0.03125 0.028125
8 0.465625 0.81875 0.03125 0.028125
8 0.43125 0.81875 0.03125 0.0265625
8 0.3640625 0.81953125 0.03125 0.0265625
8 0.25859375 0.81953125 0.03125 0.028125
1 0.925 0.5015625 0.0484375 0.071875
1 0.815625 0.50859375 0.0484375 0.071875
1 0.65625 0.7140625 0.0578125 0.078125
1 0.58125 0.71484375 0.0484375 0.071875
1 0.6125 0.2828125 0.0484375 0.06875
1 0.4140625 0.4703125 0.05 0.071875
1 0.325 0.63203125 0.05 0.071875
1 0.26640625 0.4125 0.040625 0.0453125
1 0.195753090625 0.5159168296875001 0.18316359843750002 0.5364276625 0.22001408437499997 0.56842455625 0.2413899953125 0.5413502609374999 0.24611182656250002 0.5352604203125 0.215817590625 0.48244315625 0.195753090625 0.5159168296875001
1 0.1966228671875 0.4370250890625 0.19583026718750002 0.43781557812500005 0.21883634062500001 0.48352607656249996 0.2431456125 0.43354760781249996 0.21503692812500003 0.38394901875 0.1966228671875 0.4370250890625
5 0.86640625 0.3390625 0.1046875 0.0328125
5 0.709375 0.3390625 0.10625 0.03125
5 0.5625 0.184375 0.10625 0.028125
5 0.44921875 0.184375 0.10625 0.028125
5 0.3 0.184375 0.1046875 0.028125
5 0.15 0.184375 0.10625 0.028125
5 0.0765625 0.65546875 0.0171875 0.1875
1 0.36875 0.65234375 0.0375 0.03125