0 0.6859375 0.0359375 0.02265625 0.0125
0 0.30859375 0.1734375 0.00703125 0.021875
0 0.2390625 0.6546875 0.0203125 0.0125
0 0.48125 0.96640625 0.02890625 0.0125
0 0.7 0.8734375 0.02578125 0.0109375
8 0.3359375 0.16875 0.03125 0.0125
8 0.30859375 0.23359375 0.00703125 0.04921875
8 0.2703125 0.3046875 0.03046875 0.0109375
8 0.2328125 0.38515625 0.00859375 0.04921875
8 0.2328125 0.528125 0.00859375 0.04921875
8 0.2328125 0.6140625 0.00859375 0.04921875
8 0.2796875 0.6546875 0.0390625 0.0125
8 0.34375 0.52421875 0.00703125 0.04921875
8 0.34375 0.61328125 0.00703125 0.0484375
8 0.41640625 0.96640625 0.04921875 0.0125
8 0.640625 0.8734375 0.07109375 0.0109375
8 0.7078125 0.85 0.00859375 0.0265625
8 0.7078125 0.75859375 0.00859375 0.02734375
8 0.7078125 0.68984375 0.00859375 0.0265625
8 0.7078125 0.5296875 0.00859375 0.06015625
8 0.7078125 0.43359375 0.00859375 0.02734375
8 0.571875 0.0984375 0.00546875 0.07265625
8 0.6328125 0.0359375 0.07109375 0.0125
5 0.6140625 0.45 0.00390625 0.06015625
2 0.38671875 0.16015625 0.0484375 0.0296875
2 0.5296875 0.1609375 0.04921875 0.028125
2 0.38671875 0.428125 0.0484375 0.028125
2 0.5296875 0.428125 0.0484375 0.028125
2 0.56171875 0.5375 0.02734375 0.07265625
2 0.5609375 0.66640625 0.02734375 0.07265625
2 0.53203125 0.86015625 0.0390625 0.02734375
1 0.5921875 0.1609375 0.02421875 0.02734375
1 0.32578125 0.46796875 0.0234375 0.028125
1 0.325 0.565625 0.0234375 0.0265625
1 0.3265625 0.64921875 0.02109375 0.02421875
1 0.31484375 0.70859375 0.025 0.0328125
1 0.40390625 0.7375 0.0234375 0.02578125
1 0.5921875 0.740625 0.0265625 0.02890625
5 0.63984375 0.73203125 0.0390625 0.0046875
1 0.62578125 0.51640625 0.02734375 0.0390625
1 0.6921875 0.47578125 0.02421875 0.028125
1 0.6234375 0.38984375 0.0234375 0.0328125
1 0.6765625 0.72265625 0.0203125 0.02265625
6 0.2890625 0.6140625 0.10234375 0.06953125
6 0.6734375 0.2671875 0.1234375 0.184375