0 0.1671875 0.825 0.0734375 0.021875
0 0.7796875 0.825 0.071875 0.021875
0 0.84453125 0.15390625 0.071875 0.021875
0 0.1671875 0.15390625 0.0734375 0.021875
1 0.515625 0.809375 0.0625 0.05625
2 0.7546875 0.51484375 0.0625 0.0640625
1 0.746875 0.4234375 0.059375 0.040625
1 0.56484375 0.16875 0.0640625 0.05625
1 0.63828125 0.30625 0.071875 0.034375
1 0.44453125 0.6609375 0.071875 0.034375
1 0.42109375 0.6140625 0.0625 0.040625
1 0.428125 0.46328125 0.0625 0.040625
1 0.41875 0.41796875 0.071875 0.034375
1 0.359375 0.36875 0.0609375 0.034375
1 0.509375 0.35546875 0.075 0.034375
1 0.42734375 0.31875 0.065625 0.034375
1 0.19140625 0.59921875 0.0625 0.034375
6 0.503125 0.4546875 0.0578125 0.13125
8 0.1484375 0.3640625 0.0421875 0.040625
8 0.7046875 0.15390625 0.078125 0.025