0 0.84765625 0.79375 0.015625 0.0453125
0 0.84765625 0.4796875 0.015625 0.04375
0 0.8484375 0.16015625 0.0140625 0.0453125
0 0.48046875 0.5109375 0.0140625 0.04375
0 0.1421875 0.8296875 0.0125 0.0421875
0 0.14296875 0.52578125 0.015625 0.046875
0 0.14375 0.12265625 0.0140625 0.04375
8 0.2296875 0.34453125 0.11875 0.0140625
8 0.3109375 0.10625 0.1125 0.0203125
8 0.665625 0.8109375 0.1125 0.01875
1 0.30703125 0.82421875 0.0984375 0.059375
1 0.44453125 0.56875 0.084375 0.0609375
1 0.41328125 0.39921875 0.078125 0.053125
1 0.30859375 0.5671875 0.0859375 0.05625
1 0.31015625 0.5046875 0.078125 0.05