0 0.053125 0.79140625 0.046875 0.0125
0 0.68125 0.79140625 0.046875 0.0125
0 0.9703125 0.79140625 0.046875 0.0125
0 0.98515625 0.396875 0.015625 0.0359375
0 0.68125 0.24453125 0.0453125 0.0125
0 0.0375 0.25703125 0.015625 0.0375
8 0.21484375 0.2421875 0.071875 0.0109375
8 0.528125 0.2421875 0.071875 0.0125
8 0.74765625 0.2421875 0.071875 0.0125
8 0.9875 0.47734375 0.0171875 0.071875
8 0.98828125 0.69140625 0.0140625 0.06875
1 0.60859375 0.56015625 0.084375 0.0765625
1 0.6234375 0.64765625 0.0765625 0.053125
1 0.78828125 0.4453125 0.071875 0.0640625
1 0.81015625 0.365625 0.065625 0.0453125
1 0.92421875 0.4046875 0.08125 0.05625
6 0.83671875 0.65390625 0.284375 0.28125