0 0.87734375 0.85546875 0.0125 0.078125
0 0.87578125 0.1671875 0.0140625 0.071875
0 0.65 0.14296875 0.0421875 0.028125
0 0.3796875 0.165625 0.0140625 0.06875
0 0.38046875 0.58046875 0.0125 0.071875
0 0.38125 0.85703125 0.015625 0.078125
0 0.125 0.86015625 0.015625 0.071875
1 0.73203125 0.5265625 0.0546875 0.090625
1 0.6875 0.4296875 0.0484375 0.090625
1 0.615625 0.42265625 0.059375 0.090625
1 0.58515625 0.6359375 0.05 0.084375
1 0.53046875 0.5171875 0.04375 0.09375
1 0.4859375 0.53046875 0.0375 0.084375
1 0.49609375 0.665625 0.0515625 0.0890625
8 0.66171875 0.88046875 0.0734375 0.040625
8 0.5703125 0.14609375 0.0640625 0.0390625
8 0.46015625 0.14375 0.0625 0.0390625
8 0.74921875 0.14375 0.0640625 0.04375
8 0.88046875 0.68515625 0.028125 0.125
0 0.8765625 0.5765625 0.0125 0.0703125