0 0.20234375 0.86953125 0.01875 0.034375
0 0.63359375 0.86953125 0.0203125 0.034375
0 0.8359375 0.86875 0.01875 0.034375
0 0.8359375 0.3984375 0.01875 0.034375
0 0.8359375 0.14453125 0.01875 0.0359375
0 0.590625 0.13359375 0.0484375 0.0140625
0 0.590625 0.4078125 0.05 0.0140625
0 0.20234375 0.3984375 0.0203125 0.034375
0 0.20234375 0.14453125 0.01875 0.034375
8 0.20234375 0.26875 0.01875 0.134375
8 0.20234375 0.521875 0.01875 0.134375
8 0.4203125 0.8796875 0.2375 0.0140625
8 0.73671875 0.8796875 0.075 0.0140625
8 0.73515625 0.53203125 0.11875 0.0140625
8 0.634375 0.48046875 0.01875 0.0859375
1 0.5765625 0.6703125 0.0953125 0.0828125
1 0.6734375 0.56796875 0.1 0.05625
1 0.6734375 0.71796875 0.1 0.0578125
6 0.70625 0.27109375 0.240625 0.259375
5 0.3484375 0.134375 0.2203125 0.0125
1 0.52890625 0.175 0.1140625 0.06875