0 0.2328125 0.31484375 0.015625 0.0625
0 0.2453125 0.775 0.0390625 0.0265625
0 0.46640625 0.7953125 0.015625 0.0609375
0 0.61875 0.8421875 0.015625 0.0625
0 0.790625 0.5453125 0.015625 0.0609375
0 0.790625 0.31484375 0.015625 0.0625
0 0.62109375 0.31484375 0.015625 0.0625
0 0.4671875 0.31484375 0.015625 0.0625
0 0.39609375 0.31484375 0.015625 0.0625
5 0.70625 0.27578125 0.1203125 0.0078125
8 0.546875 0.215625 0.0828125 0.01875
8 0.4328125 0.2796875 0.028125 0.0203125
8 0.3171875 0.21640625 0.1015625 0.0203125
8 0.30703125 0.77578125 0.028125 0.021875
8 0.40859375 0.77578125 0.0828125 0.021875
1 0.34375 0.65234375 0.0359375 0.053125
1 0.37265625 0.58671875 0.0625 0.0796875
1 0.44375 0.65234375 0.0359375 0.053125
1 0.42109375 0.44453125 0.0359375 0.053125
1 0.49453125 0.51875 0.04375 0.0625
1 0.68203125 0.81484375 0.0703125 0.0796875