0 0.8640625 0.80234375 0.015625 0.046875
0 0.8640625 0.48125 0.015625 0.04375
0 0.8640625 0.15546875 0.015625 0.046875
0 0.4890625 0.51328125 0.0140625 0.04375
0 0.14453125 0.8390625 0.0125 0.04375
0 0.14453125 0.52890625 0.015625 0.046875
0 0.1453125 0.11640625 0.0140625 0.04375
8 0.2328125 0.34375 0.1203125 0.0140625
8 0.31640625 0.1 0.115625 0.021875
8 0.678125 0.81953125 0.115625 0.01875
1 0.3125 0.83359375 0.1 0.0625
1 0.45234375 0.57265625 0.0875 0.0625
1 0.4203125 0.4 0.078125 0.053125
1 0.3140625 0.57109375 0.0875 0.05625
1 0.315625 0.50703125 0.078125 0.05