0 0.14609375 0.12421875 0.0171875 0.0125
0 0.3828125 0.1234375 0.01875 0.0125
0 0.390625 0.24921875 0.0171875 0.0125
0 0.6140625 0.24921875 0.01875 0.0125
0 0.80859375 0.23828125 0.0125 0.01875
0 0.14609375 0.31015625 0.0171875 0.0125
0 0.459375 0.31171875 0.0171875 0.0125
0 0.459375 0.51328125 0.0171875 0.0125
0 0.6140625 0.51328125 0.01875 0.0125
0 0.80859375 0.66796875 0.0125 0.01875
0 0.5546875 0.6734375 0.0125 0.01875
0 0.80859375 0.86171875 0.0125 0.01875
0 0.5546875 0.86171875 0.0125 0.01875
0 0.4640625 0.7375 0.0125 0.01875
0 0.2078125 0.684375 0.0171875 0.0125
0 0.153125 0.6265625 0.0171875 0.0125
2 0.2640625 0.12109375 0.075 0.0484375
2 0.26484375 0.2921875 0.075 0.046875
8 0.18671875 0.3109375 0.0453125 0.009375
8 0.171875 0.12265625 0.034375 0.009375
8 0.1421875 0.15390625 0.009375 0.0375
8 0.1421875 0.21796875 0.009375 0.0578125
8 0.1421875 0.28203125 0.009375 0.0375
8 0.34296875 0.3109375 0.0453125 0.009375
8 0.42265625 0.3109375 0.0546875 0.009375
8 0.40859375 0.51484375 0.0359375 0.0078125
8 0.35625 0.12265625 0.034375 0.009375
8 0.38671875 0.1515625 0.009375 0.0375
8 0.4265625 0.246875 0.0359375 0.009375
8 0.5015625 0.246875 0.0671875 0.009375
8 0.57734375 0.246875 0.0359375 0.009375
8 0.66796875 0.23359375 0.0453125 0.009375
8 0.7609375 0.23359375 0.0453125 0.009375
8 0.809375 0.284375 0.0109375 0.046875
8 0.809375 0.4125 0.0109375 0.046875
8 0.809375 0.47421875 0.0109375 0.0375
8 0.809375 0.55859375 0.0109375 0.0375
8 0.809375 0.63671875 0.0109375 0.0453125
8 0.809375 0.69453125 0.0109375 0.0359375
8 0.809375 0.80703125 0.0109375 0.046875
8 0.5546875 0.8078125 0.0125 0.046875
8 0.51640625 0.66953125 0.0453125 0.0109375
8 0.4140625 0.66953125 0.0359375 0.0109375
8 0.2046875 0.66015625 0.0109375 0.0359375
6 0.59453125 0.384375 0.0359375 0.1703125