0 0.77578125 0.90703125 0.0234375 0.0140625
0 0.78828125 0.69140625 0.0234375 0.0140625
0 0.78828125 0.34453125 0.0234375 0.0140625
0 0.77578125 0.0875 0.0234375 0.0140625
0 0.434375 0.0875 0.0234375 0.0140625
0 0.43125 0.3375 0.015625 0.0203125
0 0.18515625 0.0875 0.0234375 0.0125
0 0.18125 0.39765625 0.015625 0.0203125
0 0.18125 0.68046875 0.015625 0.0203125
0 0.43359375 0.68984375 0.0234375 0.0140625
0 0.4296875 0.90390625 0.015625 0.0203125
0 0.18125 0.90390625 0.015625 0.0203125
8 0.73359375 0.9078125 0.0484375 0.0125
8 0.2265625 0.9078125 0.0484375 0.0125
8 0.9078125 0.7875 0.0109375 0.0515625
8 0.9078125 0.73125 0.0109375 0.0515625
8 0.9078125 0.5453125 0.0109375 0.0515625
8 0.9078125 0.48984375 0.0109375 0.0515625
8 0.9078125 0.30546875 0.0109375 0.0515625
8 0.9078125 0.24765625 0.0109375 0.053125
8 0.46953125 0.08671875 0.0375 0.0125
8 0.225 0.08671875 0.046875 0.0125
8 0.17890625 0.2515625 0.009375 0.0640625
8 0.17890625 0.1828125 0.0109375 0.065625
8 0.17890625 0.49296875 0.0109375 0.0515625
1 0.453125 0.8296875 0.0625 0.046875
1 0.51171875 0.76171875 0.0625 0.046875
1 0.47578125 0.6515625 0.065625 0.0515625
1 0.38828125 0.71015625 0.05625 0.053125
1 0.32421875 0.65078125 0.059375 0.046875
1 0.2734375 0.5234375 0.0453125 0.046875
1 0.39140625 0.32421875 0.0453125 0.04375
1 0.44921875 0.2625 0.053125 0.0390625
1 0.46328125 0.17890625 0.0453125 0.046875
8 0.17890625 0.83203125 0.0109375 0.065625
8 0.17890625 0.76328125 0.0109375 0.065625
6 0.609375 0.56796875 0.334375 0.0765625