0 0.88359375 0.90859375 0.034375 0.05
0 0.88359375 0.6140625 0.0375 0.0546875
0 0.721875 0.121875 0.0375 0.05625
0 0.15390625 0.11640625 0.025 0.0484375
0 0.15390625 0.91015625 0.025 0.05
8 0.2859375 0.91953125 0.059375 0.03125
8 0.55625 0.90859375 0.1125 0.0578125
8 0.76953125 0.921875 0.059375 0.0265625
1 0.70234375 0.6625 0.103125 0.0796875
1 0.3765625 0.60390625 0.0953125 0.0671875
1 0.37265625 0.51484375 0.090625 0.075
1 0.2796875 0.65234375 0.084375 0.0828125
1 0.36015625 0.26875 0.06875 0.0578125
1 0.346875 0.21484375 0.065625 0.0453125
1 0.2640625 0.23671875 0.0875 0.0703125
1 0.4359375 0.153125 0.103125 0.084375