0 0.9515625 0.1765625 0.0453125 0.0140625
0 0.55625 0.1765625 0.04375 0.0140625
0 0.059375 0.1875 0.01875 0.0359375
0 0.059375 0.8015625 0.01875 0.0359375
0 0.58828125 0.8015625 0.01875 0.0359375
0 0.9515625 0.55 0.046875 0.0140625
8 0.96875 0.25859375 0.015625 0.04375
8 0.6 0.1765625 0.040625 0.015625
8 0.45078125 0.18125 0.0828125 0.0265625
8 0.17421875 0.18125 0.0828125 0.025
8 0.059375 0.37578125 0.021875 0.1625
8 0.059375 0.67578125 0.021875 0.0875
8 0.3203125 0.8078125 0.05 0.025
8 0.475 0.8078125 0.08125 0.025
8 0.58828125 0.58046875 0.0203125 0.03125
8 0.62421875 0.55 0.046875 0.015625
1 0.69453125 0.540625 0.053125 0.0375
1 0.4734375 0.5703125 0.0625 0.053125
1 0.46953125 0.525 0.05 0.0359375
1 0.40703125 0.61171875 0.0515625 0.034375
1 0.31953125 0.6125 0.05 0.034375
1 0.26484375 0.56796875 0.0609375 0.05625
1 0.32578125 0.52421875 0.05 0.034375
1 0.32421875 0.1890625 0.059375 0.040625
1 0.5625 0.2671875 0.0625 0.05625