1 0.353125 0.69765625 0.0859375 0.059375
8 0.3171875 0.80234375 0.0125 0.11875
0 0.34140625 0.88046875 0.0625 0.009375
8 0.56171875 0.88046875 0.23125 0.009375
0 0.809375 0.88046875 0.059375 0.009375
0 0.22421875 0.659375 0.059375 0.009375
0 0.22421875 0.44375 0.059375 0.0078125
8 0.20078125 0.39375 0.0125 0.053125
0 0.20078125 0.12109375 0.0125 0.03125
0 0.23046875 0.11015625 0.046875 0.009375
8 0.38515625 0.11015625 0.1484375 0.009375
1 0.628125 0.14375 0.0875 0.075
8 0.73984375 0.11015625 0.0765625 0.009375
0 0.809375 0.11015625 0.0609375 0.009375
8 0.83359375 0.56796875 0.0109375 0.125
0 0.809375 0.48046875 0.059375 0.009375
6 0.7796875 0.2953125 0.0984375 0.359375
1 0.5171875 0.3078125 0.084375 0.075
1 0.42578125 0.37109375 0.0703125 0.05
1 0.5140625 0.3703125 0.0765625 0.065625
5 0.33125 0.30078125 0.1703125 0.009375
0 0.83359375 0.86484375 0.0125 0.0203125
1 0.6953125 0.43828125 0.071875 0.0484375