0 0.29609375 0.1921875 0.0390625 0.01484375
0 0.29609375 0.41796875 0.03984375 0.01484375
0 0.19765625 0.59765625 0.05625 0.02109375
0 0.51328125 0.17265625 0.01484375 0.03984375
0 0.61875 0.17265625 0.01484375 0.03984375
0 0.61875 0.40546875 0.01484375 0.040625
0 0.8484375 0.17265625 0.01484375 0.03984375
0 0.8484375 0.40546875 0.01484375 0.040625
0 0.5765625 0.61015625 0.040625 0.01484375
0 0.8484375 0.74453125 0.01484375 0.040625
0 0.5765625 0.75703125 0.040625 0.01484375
8 0.3984375 0.190625 0.115625 0.0109375
8 0.565625 0.15859375 0.04609375 0.0109375
8 0.565625 0.2296875 0.0453125 0.0109375
8 0.2234375 0.41953125 0.10546875 0.01015625
8 0.17578125 0.48203125 0.0109375 0.11484375
8 0.49765625 0.6078125 0.04609375 0.0109375
5 0.73359375 0.284375 0.1671875 0.01015625
1 0.809375 0.725 0.0640625 0.078125
1 0.6859375 0.63671875 0.05859375 0.06796875
1 0.5234375 0.50078125 0.05078125 0.05859375
1 0.4140625 0.4484375 0.04921875 0.05
1 0.5828125 0.33984375 0.04921875 0.05859375
1 0.5765625 0.390625 0.059375 0.06953125