0 0.0875 0.159375 0.034375 0.0171875
0 0.08984375 0.82421875 0.0375 0.0171875
0 0.9203125 0.82421875 0.0375 0.0171875
0 0.921875 0.159375 0.034375 0.0171875
8 0.07734375 0.31796875 0.0140625 0.1453125
8 0.07734375 0.68828125 0.0140625 0.146875
8 0.61171875 0.7375 0.009375 0.121875
8 0.934375 0.68125 0.009375 0.121875
8 0.934375 0.33359375 0.009375 0.1453125
8 0.53125 0.453125 0.1484375 0.0125
1 0.1046875 0.50703125 0.06875 0.096875
1 0.33125 0.43046875 0.053125 0.0578125
1 0.3921875 0.43046875 0.053125 0.05625
1 0.6390625 0.57109375 0.0453125 0.05
1 0.68671875 0.43046875 0.053125 0.0578125
1 0.909375 0.503125 0.059375 0.084375
6 0.425 0.6375 0.1171875 0.35625