0 0.221875 0.13984375 0.0078125 0.0171875
0 0.94921875 0.1328125 0.0171875 0.0046875
0 0.83359375 0.8578125 0.0171875 0.00625
0 0.07265625 0.8515625 0.0078125 0.01875
8 0.2109375 0.85859375 0.1 0.0046875
8 0.4453125 0.85859375 0.096875 0.00625
8 0.7078125 0.85859375 0.1 0.00625
8 0.8390625 0.78125 0.00625 0.0640625
8 0.9171875 0.5328125 0.00625 0.0265625
8 0.95546875 0.39453125 0.00625 0.0640625
8 0.95546875 0.296875 0.00625 0.03125
8 0.95546875 0.1984375 0.00625 0.0625
1 0.23671875 0.61171875 0.0375 0.034375
1 0.540625 0.57421875 0.05 0.034375
1 0.66953125 0.26953125 0.0546875 0.0390625
1 0.6421875 0.36875 0.040625 0.0359375
1 0.725 0.3078125 0.0375 0.034375
1 0.725 0.353125 0.0375 0.034375
1 0.6671875 0.496875 0.0484375 0.0375
6 0.81484375 0.5125 0.2 0.103125
1 0.89765625 0.48359375 0.046875 0.040625
6 0.9146730468750001 0.7049169859375 0.9144513562500001 0.5711352796875 0.624481659375 0.571007565625 0.62432216875 0.622220846875 0.8333333328125001 0.6226692203125 0.8334928234375001 0.7049169859375 0.9146730468750001 0.7049169859375
1 0.8984375 0.68203125 0.04375 0.040625
5 0.75625 0.41796875 0.00625 0.078125
5 0.57421875 0.62109375 0.00625 0.059375