0 0.11953125 0.18515625 0.03203125 0.01640625
0 0.121875 0.81875 0.03671875 0.01640625
0 0.9140625 0.81875 0.0359375 0.01640625
0 0.915625 0.18515625 0.0328125 0.01640625
8 0.11015625 0.33515625 0.01328125 0.13828125
8 0.11015625 0.6890625 0.01328125 0.1390625
8 0.6203125 0.7359375 0.01015625 0.115625
8 0.92734375 0.68203125 0.009375 0.115625
8 0.92734375 0.35078125 0.009375 0.13828125
8 0.54296875 0.4640625 0.14140625 0.01171875
1 0.1359375 0.51640625 0.06484375 0.09296875
1 0.3515625 0.44296875 0.05 0.05546875
1 0.41015625 0.44296875 0.05 0.0546875
1 0.64609375 0.57734375 0.04296875 0.04765625
1 0.69140625 0.44296875 0.05 0.05546875
1 0.903125 0.5125 0.05703125 0.08125
6 0.44140625 0.640625 0.11171875 0.33984375