0 0.81484375 0.11953125 0.015625 0.03125
0 0.18125 0.121875 0.015625 0.0375
0 0.18125 0.9140625 0.015625 0.0359375
0 0.81484375 0.915625 0.015625 0.0328125
8 0.66484375 0.11015625 0.1375 0.0125
8 0.3109375 0.11015625 0.1390625 0.0125
8 0.2640625 0.6203125 0.115625 0.009375
8 0.31796875 0.92734375 0.115625 0.009375
8 0.64921875 0.92734375 0.1375 0.009375
8 0.5359375 0.54296875 0.0125 0.140625
1 0.48359375 0.1359375 0.09375 0.065625
1 0.55703125 0.3515625 0.05625 0.05
1 0.55703125 0.41015625 0.0546875 0.05
1 0.42265625 0.64609375 0.046875 0.04375
1 0.55703125 0.69140625 0.05625 0.05
1 0.4875 0.903125 0.08125 0.05625
6 0.359375 0.44140625 0.340625 0.1125