0 0.8984375 0.26328125 0.025 0.00625
0 0.8984375 0.871875 0.02421875 0.00703125
0 0.36328125 0.871875 0.02578125 0.00703125
0 0.11796875 0.8125 0.02578125 0.01015625
0 0.165625 0.646875 0.025 0.01171875
0 0.165625 0.26484375 0.025 0.009375
0 0.46640625 0.26484375 0.02421875 0.009375
0 0.75 0.26484375 0.025 0.009375
0 0.7578125 0.46953125 0.009375 0.034375
0 0.75 0.74921875 0.025 0.0125
0 0.4578125 0.74921875 0.025 0.0125
0 0.46640625 0.4703125 0.02421875 0.009375
8 0.21796875 0.26484375 0.05078125 0.01171875
8 0.3109375 0.26484375 0.02890625 0.0109375
8 0.3890625 0.26484375 0.05078125 0.0109375
8 0.51171875 0.2640625 0.02890625 0.0109375
8 0.58046875 0.26484375 0.07578125 0.0109375
8 0.68515625 0.26484375 0.05078125 0.01015625
8 0.7578125 0.52578125 0.01015625 0.04609375
8 0.75859375 0.65546875 0.0109375 0.0890625
8 0.68515625 0.74921875 0.05078125 0.01484375
8 0.56953125 0.74921875 0.075 0.01484375
8 0.39765625 0.74921875 0.040625 0.01484375
8 0.2984375 0.73984375 0.040625 0.0140625
8 0.15703125 0.5640625 0.0109375 0.0578125
8 0.15703125 0.3671875 0.0125 0.10859375
1 0.2984375 0.38984375 0.02734375 0.0453125
1 0.2453125 0.440625 0.04609375 0.05625
1 0.36953125 0.4390625 0.04609375 0.05859375
1 0.25546875 0.71328125 0.03359375 0.0453125
1 0.48515625 0.7234375 0.0328125 0.046875
8 0.75859375 0.36171875 0.01328125 0.0921875
1 0.640625 0.45234375 0.02734375 0.0453125
1 0.67578125 0.4953125 0.0390625 0.046875
1 0.640625 0.57421875 0.02734375 0.0453125
6 0.1734375 0.73046875 0.1265625 0.16015625