0 0.1703125 0.05859375 0.02421875 0.0078125
0 0.465625 0.9359375 0.01640625 0.00625
0 0.8109375 0.771875 0.0046875 0.01484375
0 0.8046875 0.05859375 0.01875 0.0078125
8 0.4515625 0.05859375 0.05703125 0.0078125
8 0.56796875 0.05859375 0.05703125 0.0078125
8 0.6421875 0.05859375 0.0234375 0.0078125
8 0.8109375 0.37734375 0.0046875 0.0359375
8 0.8109375 0.64296875 0.0046875 0.08828125
8 0.709375 0.85390625 0.0046875 0.0875
8 0.64921875 0.9359375 0.05703125 0.00625
8 0.459375 0.82734375 0.0046875 0.08828125
5 0.434375 0.28359375 0.05703125 0.00625
5 0.5796875 0.28359375 0.04609375 0.00625
1 0.48984375 0.309375 0.03125 0.034375
1 0.528125 0.3109375 0.02890625 0.03203125
1 0.6140625 0.365625 0.034375 0.04765625
1 0.7265625 0.3140625 0.03046875 0.0421875
1 0.76015625 0.29609375 0.02890625 0.03203125
1 0.7265625 0.371875 0.03046875 0.04296875
5 0.8109375 0.171875 0.0046875 0.0890625
1 0.4734375 0.42265625 0.03203125 0.03671875
1 0.5609375 0.41796875 0.02578125 0.02890625
1 0.33515625 0.471875 0.03125 0.0421875
1 0.4078125 0.365625 0.0328125 0.0453125
1 0.3973125 0.581953125 0.3954375 0.584609375 0.41895151718749996 0.613129025 0.43986072812500004 0.5812376828125 0.416074103125 0.5558205234375 0.3973125 0.581953125
1 0.44968516249999996 0.6086780593750001 0.423918028125 0.6359422 0.44542017187500005 0.671290421875 0.469305053125 0.63867188125 0.44968516249999996 0.6086780593750001
1 0.4458125 0.661328125 0.46624999999999994 0.684453125 0.48562625 0.6546078125 0.4639375 0.634296875 0.4458125 0.661328125
5 0.7625 0.77734375 0.05859375 0.00546875
5 0.38359375 0.540625 0.05703125 0.0046875