0 0.8953125 0.809375 0.0109375 0.021875
0 0.7453125 0.809375 0.0109375 0.0234375
0 0.525 0.659375 0.0328125 0.03125
0 0.21875 0.5890625 0.03125 0.03125
0 0.221875 0.203125 0.0375 0.025
0 0.584375 0.20234375 0.0375 0.025
0 0.7453125 0.32109375 0.0109375 0.0234375
0 0.8953125 0.321875 0.0109375 0.021875
8 0.89453125 0.43515625 0.021875 0.0390625
8 0.89453125 0.54375 0.021875 0.0375
8 0.67109375 0.74921875 0.0640625 0.028125
8 0.59921875 0.715625 0.025 0.04375
8 0.2890625 0.59453125 0.10625 0.025
8 0.21171875 0.309375 0.025 0.13125
8 0.5140625 0.2 0.0671875 0.028125
8 0.64921875 0.3203125 0.034375 0.0265625
8 0.69296875 0.3203125 0.034375 0.0265625
8 0.81796875 0.81484375 0.121875 0.021875
1 0.7671875 0.5 0.053125 0.046875
1 0.63125 0.5359375 0.040625 0.0296875
1 0.56484375 0.6015625 0.0453125 0.0484375
1 0.3734375 0.62890625 0.059375 0.046875
1 0.4640625 0.50625 0.04375 0.0296875
1 0.65546875 0.39921875 0.053125 0.0484375
1 0.609375 0.38828125 0.04375 0.034375
1 0.56328125 0.4046875 0.053125 0.0484375