0 0.734375 0.1078125 0.01796875 0.05234375
0 0.40546875 0.10625 0.01953125 0.04609375
0 0.25234375 0.10625 0.01953125 0.046875
0 0.16640625 0.171875 0.01875 0.04609375
0 0.24375 0.3640625 0.0203125 0.04296875
0 0.165625 0.4328125 0.0203125 0.04296875
0 0.25234375 0.50078125 0.01953125 0.0421875
0 0.4234375 0.640625 0.03984375 0.02421875
0 0.7046875 0.640625 0.0359375 0.02578125
0 0.8796875 0.73671875 0.01875 0.0421875
0 0.821875 0.82734375 0.02421875 0.0375
0 0.765625 0.4578125 0.02265625 0.0375
0 0.7296875 0.37421875 0.04140625 0.0265625
0 0.42421875 0.3734375 0.0421875 0.02578125
0 0.4046875 0.80859375 0.0203125 0.046875
0 0.2515625 0.8078125 0.02109375 0.04921875
0 0.165625 0.765625 0.021875 0.05078125
1 0.3875 0.378125 0.0390625 0.00859375
1 0.3640625 0.4453125 0.0078125 0.04140625
1 0.3875 0.46953125 0.0375 0.0078125
1 0.24765625 0.6015625 0.00625 0.0390625
1 0.7796875 0.6453125 0.03359375 0.009375
1 0.81015625 0.4125 0.00625 0.06015625
4 0.76015625 0.53125 0.00625 0.07265625
8 0.32890625 0.7890625 0.10625 0.00625
7 0.2046875 0.75 0.0421875 0.01015625
7 0.24765625 0.42421875 0.00859375 0.0421875
8 0.784375 0.6875 0.06015625 0.0828125
8 0.8828125 0.6828125 0.0140625 0.06953125
8 0.85078125 0.725 0.0421875 0.01328125
5 0.64375 0.3765625 0.0953125 0.0125
5 0.51875 0.37890625 0.09609375 0.0109375
4 0.409375 0.41484375 0.01015625 0.0703125
8 0.328125 0.1234375 0.1109375 0.0125