0 0.84375 0.16875 0.0140625 0.053125
0 0.165625 0.16953125 0.015625 0.0484375
0 0.1640625 0.87578125 0.0140625 0.0578125
0 0.8421875 0.8734375 0.015625 0.05625
1 0.3546875 0.484375 0.075 0.0890625
1 0.35546875 0.59453125 0.06875 0.0859375
1 0.46796875 0.38828125 0.059375 0.0765625
8 0.275 0.15 0.1203125 0.034375
8 0.165625 0.33671875 0.0296875 0.1890625
8 0.16328125 0.7015625 0.03125 0.1828125
8 0.525 0.8890625 0.1296875 0.04375
8 0.278125 0.88984375 0.128125 0.0375
8 0.58984375 0.1484375 0.115625 0.034375
2 0.74140625 0.86015625 0.09375 0.0828125
8 0.84453125 0.33984375 0.0375 0.2046875
8 0.75625 0.15 0.1125 0.0265625
8 0.84453125 0.68515625 0.0234375 0.184375