0 0.73515625 0.121875 0.0625 0.0171875
0 0.75859375 0.4578125 0.01875 0.0453125
0 0.75859375 0.63046875 0.01875 0.04375
0 0.75859375 0.86640625 0.01875 0.04375
0 0.4625 0.87890625 0.0640625 0.0171875
0 0.1890625 0.87890625 0.0640625 0.01875
0 0.16484375 0.63046875 0.0171875 0.04375
0 0.16484375 0.4578125 0.0171875 0.0453125
0 0.18828125 0.121875 0.0640625 0.0171875
8 0.29296875 0.121875 0.0734375 0.0171875
8 0.43515625 0.121875 0.1265625 0.0171875
6 0.6078125 0.2046875 0.2828125 0.1484375
6 0.43671875 0.4546875 0.290625 0.1046875
8 0.31953125 0.87890625 0.190625 0.0171875
1 0.23046875 0.41875 0.0984375 0.078125
1 0.23203125 0.56875 0.096875 0.0765625
1 0.346875 0.55703125 0.1125 0.0671875
1 0.51796875 0.65234375 0.065625 0.0609375
1 0.58984375 0.65234375 0.0625 0.0609375
1 0.7015625 0.6828125 0.096875 0.0703125
1 0.4515625 0.77890625 0.0859375 0.0546875
1 0.675 0.42578125 0.096875 0.0828125