0 0.18828125 0.20390625 0.009375 0.021875
0 0.25625 0.35703125 0.009375 0.021875
0 0.18828125 0.35703125 0.009375 0.021875
0 0.134375 0.45234375 0.009375 0.0234375
0 0.25625 0.45234375 0.009375 0.0234375
0 0.50390625 0.45234375 0.009375 0.0234375
0 0.134375 0.74375 0.009375 0.021875
0 0.49609375 0.75078125 0.025 0.009375
0 0.50546875 0.8171875 0.009375 0.0234375
0 0.62421875 0.86171875 0.009375 0.0234375
0 0.621875 0.8171875 0.009375 0.0234375
0 0.8625 0.63125 0.009375 0.0234375
0 0.8625 0.53984375 0.009375 0.0234375
0 0.8625 0.39921875 0.009375 0.0234375
0 0.89765625 0.3828125 0.009375 0.021875
0 0.89765625 0.2265625 0.009375 0.0234375
0 0.86171875 0.20390625 0.009375 0.021875
0 0.8625 0.86171875 0.009375 0.0234375
0 0.49609375 0.19609375 0.025 0.009375
8 0.4125 0.1953125 0.1140625 0.0078125
8 0.715625 0.1953125 0.1140625 0.00625
8 0.740625 0.86953125 0.1015625 0.00625
8 0.8625 0.67734375 0.009375 0.04375
8 0.8625 0.58046875 0.009375 0.04375
8 0.8625 0.45859375 0.009375 0.0875
8 0.13359375 0.62734375 0.00625 0.0734375
1 0.56875 0.2171875 0.046875 0.0515625
1 0.27578125 0.40546875 0.046875 0.040625
1 0.22421875 0.43828125 0.0453125 0.05
1 0.15234375 0.4875 0.04375 0.0375
1 0.55625 0.803125 0.0453125 0.05
1 0.6515625 0.73984375 0.0515625 0.05
1 0.715625 0.6953125 0.046875 0.040625
6 0.221875 0.27265625 0.059375 0.228125
6 0.7390625 0.584375 0.2375 0.103125
0 0.25625 0.20390625 0.009375 0.021875
1 0.66171875 0.66171875 0.0453125 0.05