0 0.91171875 0.25859375 0.0203125 0.015625
0 0.915625 0.4921875 0.0109375 0.03125
0 0.9109375 0.74921875 0.0203125 0.015625
0 0.8328125 0.74921875 0.0203125 0.015625
0 0.62890625 0.75 0.0203125 0.015625
0 0.434375 0.75 0.0328125 0.015625
0 0.22265625 0.75 0.0328125 0.015625
0 0.2125 0.4921875 0.0125 0.046875
0 0.22265625 0.25859375 0.0328125 0.015625
0 0.434375 0.25859375 0.0328125 0.015625
0 0.62890625 0.25859375 0.0203125 0.015625
0 0.62890625 0.4921875 0.0203125 0.015625
0 0.8328125 0.4921875 0.0203125 0.015625
0 0.8328125 0.25859375 0.0203125 0.015625
8 0.63359375 0.7125 0.0125 0.065625
1 0.2484375 0.678125 0.0875 0.11875
1 0.66171875 0.6328125 0.05 0.053125
1 0.7734375 0.55390625 0.08125 0.115625
6 0.53671875 0.37734375 0.1890625 0.2328125