8 0.12578125 0.77734375 0.01875 0.0875
0 0.12578125 0.709375 0.01875 0.03125
0 0.0515625 0.3046875 0.015625 0.028125
0 0.59921875 0.10703125 0.009375 0.025
0 0.815625 0.8859375 0.009375 0.01875
8 0.4875 0.89375 0.1453125 0.00625
8 0.89921875 0.8203125 0.01875 0.046875
6 0.709375 0.49609375 0.3984375 0.1125
8 0.89921875 0.171875 0.01875 0.046875
1 0.72734375 0.68125 0.0609375 0.04375
1 0.16796875 0.54375 0.059375 0.040625
8 0.4875 0.0984375 0.1453125 0.00625
8 0.12578125 0.21484375 0.01875 0.0875
1 0.16796875 0.45 0.059375 0.04375
8 0.0515625 0.52890625 0.015625 0.028125
1 0.3546875 0.72421875 0.0515625 0.046875
1 0.61953125 0.72421875 0.05 0.0453125
1 0.615625 0.67734375 0.0421875 0.0375
1 0.56640625 0.59765625 0.059375 0.040625
1 0.48046875 0.52578125 0.059375 0.053125
1 0.48046875 0.465625 0.059375 0.053125
1 0.3546875 0.2671875 0.0515625 0.046875
1 0.56640625 0.3953125 0.059375 0.0421875
1 0.61640625 0.315625 0.04375 0.0375
1 0.61953125 0.26796875 0.05 0.04375
1 0.72734375 0.3125 0.0609375 0.0453125
8 0.71875 0.61484375 0.04375 0.00625
8 0.66875 0.61484375 0.04375 0.00625
8 0.66875 0.37734375 0.04375 0.00625
8 0.71875 0.37734375 0.04375 0.00625