0 0.62421875 0.08671875 0.02109375 0.00703125
0 0.8765625 0.8390625 0.02265625 0.00703125
0 0.21171875 0.9234375 0.02109375 0.00703125
0 0.36484375 0.08671875 0.0171875 0.00703125
1 0.4125 0.40546875 0.03671875 0.040625
1 0.61796875 0.46171875 0.04453125 0.06328125
1 0.171875 0.5796875 0.04921875 0.06953125
8 0.20390625 0.796875 0.00546875 0.10859375
8 0.2984375 0.9234375 0.0703125 0.00703125
8 0.47109375 0.88046875 0.0703125 0.00703125
8 0.6359375 0.88125 0.103125 0.00703125
8 0.80625 0.8390625 0.0703125 0.00703125
6 0.2546875 0.4671875 0.20390625 0.1546875
5 0.390625 0.47890625 0.00546875 0.096875
8 0.15 0.43671875 0.0046875 0.0546875