5 0.39453125 0.92421875 0.159375 0.01875
2 0.7109375 0.84375 0.07265625 0.07578125
1 0.78828125 0.7359375 0.06640625 0.0734375
8 0.93125 0.65859375 0.028125 0.05859375
1 0.63671875 0.51015625 0.08203125 0.046875
1 0.403125 0.515625 0.05546875 0.05234375
1 0.3359375 0.46796875 0.06171875 0.04609375
1 0.4703125 0.35625 0.0640625 0.06796875
1 0.540625 0.35546875 0.0734375 0.04375
1 0.4734375 0.46953125 0.05390625 0.05078125
8 0.1046875 0.4375 0.02734375 0.05625
8 0.2625 0.5609375 0.02578125 0.03203125
8 0.26328125 0.66796875 0.0265625 0.05625
8 0.784375 0.37578125 0.02578125 0.03046875
0 0.11875 0.53203125 0.05703125 0.01640625
0 0.11875 0.07890625 0.0578125 0.015625
0 0.76875 0.078125 0.05625 0.015625
0 0.91796875 0.76328125 0.05625 0.01796875
0 0.7171875 0.92421875 0.0578125 0.01640625
0 0.27734375 0.92421875 0.05625 0.01640625