8 0.8546875 0.1859375 0.0125 0.18125
8 0.85546875 0.48046875 0.0125 0.18125
8 0.60546875 0.71171875 0.0125 0.18125
8 0.38125 0.9203125 0.209375 0.0109375
8 0.18203125 0.68515625 0.0125 0.18125
8 0.18203125 0.28984375 0.0125 0.18125
8 0.32578125 0.09140625 0.209375 0.009375
8 0.5390625 0.09140625 0.0640625 0.009375
1 0.50703125 0.36171875 0.065625 0.065625
1 0.43828125 0.453125 0.075 0.0625
1 0.56328125 0.87890625 0.096875 0.0734375
0 0.59375 0.9203125 0.034375 0.0109375
0 0.19296875 0.09140625 0.034375 0.0109375
0 0.18203125 0.10703125 0.0125 0.01875