8 0.67109375 0.9484375 0.0671875 0.009375
8 0.5421875 0.9484375 0.0671875 0.009375
8 0.4109375 0.9484375 0.06875 0.009375
8 0.328125 0.8734375 0.00625 0.115625
2 0.25 0.77265625 0.0625 0.0625
1 0.403125 0.503125 0.0359375 0.0515625
1 0.5046875 0.49921875 0.0296875 0.0609375
8 0.61640625 0.56328125 0.0046875 0.0515625
1 0.63359375 0.49921875 0.03125 0.0609375
1 0.684375 0.40390625 0.0390625 0.059375
1 0.6140625 0.3421875 0.0359375 0.0671875
1 0.72109375 0.16875 0.034375 0.0671875
1 0.50703125 0.3421875 0.0359375 0.0671875
1 0.46796875 0.3421875 0.034375 0.0671875
1 0.39765625 0.40390625 0.040625 0.059375
8 0.171875 0.6609375 0.00625 0.115625
8 0.73125 0.88671875 0.00625 0.115625
8 0.73125 0.65859375 0.00625 0.115625
8 0.73125 0.5640625 0.00625 0.053125
8 0.7859375 0.47421875 0.06875 0.009375
8 0.83984375 0.36015625 0.0046875 0.115625
8 0.83984375 0.15859375 0.00625 0.053125
8 0.64765625 0.07421875 0.0671875 0.0109375
8 0.5390625 0.07421875 0.06875 0.0109375
8 0.42734375 0.07421875 0.06875 0.0109375
8 0.34453125 0.07421875 0.06875 0.0109375
8 0.2078125 0.07421875 0.06875 0.0109375
1 0.63359375 0.56953125 0.0296875 0.059375
5 0.171875 0.2859375 0.0078125 0.28125
0 0.171875 0.7890625 0.00625 0.0296875
0 0.18046875 0.7984375 0.0125 0.0109375