0 0.11875 0.06953125 0.015625 0.0296875
0 0.3828125 0.06171875 0.0390625 0.0125
0 0.6390625 0.06328125 0.028125 0.0171875
0 0.88984375 0.06953125 0.0125 0.028125
0 0.8875 0.4140625 0.015625 0.028125
0 0.6203125 0.4203125 0.028125 0.0171875
0 0.3828125 0.42265625 0.0390625 0.0125
0 0.1328125 0.4203125 0.015625 0.0171875
0 0.35 0.1671875 0.0125 0.01875
0 0.4453125 0.1671875 0.0125 0.01875
0 0.1171875 0.59453125 0.015625 0.0296875
0 0.390625 0.58671875 0.0328125 0.0125
0 0.62578125 0.5890625 0.028125 0.0171875
0 0.88828125 0.5953125 0.015625 0.028125
0 0.88828125 0.93828125 0.015625 0.0296875
0 0.1171875 0.93828125 0.015625 0.028125
0 0.35 0.68984375 0.0125 0.01875
0 0.44375 0.68984375 0.0125 0.01875
8 0.11953125 0.14765625 0.015625 0.109375
8 0.7953125 0.19140625 0.0140625 0.09375
8 0.753125 0.328125 0.015625 0.121875
6 0.39765625 0.28671875 0.090625 0.11875
6 0.396875 0.78125 0.090625 0.18125
8 0.11796875 0.6984375 0.015625 0.0546875
8 0.11796875 0.834375 0.015625 0.071875
5 0.31875 0.684375 0.040625 0.00625
8 0.54296875 0.73046875 0.015625 0.0359375
8 0.54296875 0.68671875 0.015625 0.0375
5 0.54921875 0.809375 0.003125 0.071875
8 0.77421875 0.75390625 0.028125 0.01875
8 0.7953125 0.715625 0.015625 0.09375
1 0.60078125 0.6140625 0.0375 0.034375
1 0.66484375 0.7296875 0.034375 0.04375
1 0.5359375 0.89921875 0.0453125 0.040625
1 0.240625 0.7296875 0.034375 0.040625
1 0.30859375 0.6171875 0.0375 0.0359375
5 0.39921875 0.6359375 0.015625 0.06875
5 0.75078125 0.85390625 0.015625 0.1203125
0 0.390625 0.93046875 0.0328125 0.0125
0 0.62578125 0.9328125 0.028125 0.0171875
1 0.6671875 0.0921875 0.0375 0.040625
1 0.56328125 0.14140625 0.034375 0.0375
1 0.628125 0.240625 0.034375 0.040625
1 0.59453125 0.38515625 0.0359375 0.034375
1 0.17265625 0.35859375 0.05625 0.0484375