0 0.775 0.83359375 0.05625 0.0296875
0 0.77578125 0.58203125 0.05625 0.0296875
0 0.775 0.2 0.05625 0.028125
0 0.35 0.1984375 0.053125 0.028125
0 0.4875 0.4109375 0.0578125 0.03125
0 0.1625 0.41015625 0.053125 0.0265625
0 0.16015625 0.834375 0.05625 0.028125
1 0.5421875 0.8 0.0734375 0.0765625
1 0.62265625 0.66171875 0.08125 0.090625
1 0.55546875 0.5640625 0.08125 0.08125
1 0.38203125 0.37578125 0.06875 0.0859375
1 0.3140625 0.45625 0.078125 0.06875
1 0.31484375 0.621875 0.075 0.0671875
1 0.425 0.7109375 0.071875 0.0640625
1 0.35703125 0.79140625 0.075 0.0625
8 0.78359375 0.71015625 0.05 0.0875
8 0.78359375 0.5015625 0.046875 0.0875
8 0.14921875 0.534375 0.0453125 0.090625
8 0.23984375 0.8390625 0.103125 0.040625
6 0.47890625 0.50390625 0.059375 0.15625