0 0.8734375 0.0953125 0.025 0.059375
8 0.8734375 0.23671875 0.028125 0.1796875
8 0.42890625 0.23046875 0.0375 0.0375
8 0.15703125 0.42265625 0.034375 0.08125
8 0.1578125 0.6109375 0.03125 0.084375
8 0.62265625 0.8140625 0.03125 0.08125
0 0.15703125 0.23828125 0.028125 0.059375
0 0.1578125 0.88828125 0.034375 0.0609375
0 0.6234375 0.890625 0.034375 0.0625
2 0.515625 0.8796875 0.09375 0.08125
2 0.28671875 0.88125 0.084375 0.078125
1 0.5953125 0.61484375 0.0875 0.075
1 0.38203125 0.44375 0.053125 0.0515625
1 0.425 0.38203125 0.046875 0.053125
1 0.49609375 0.37734375 0.053125 0.053125
1 0.49765625 0.52265625 0.0515625 0.046875
6 0.565625 0.4859375 0.103125 0.1625