0 0.13515625 0.17421875 0.0453125 0.028125
0 0.134375 0.73125 0.0453125 0.0234375
0 0.365625 0.70625 0.0125 0.075
0 0.5359375 0.73046875 0.04375 0.025
0 0.534375 0.95546875 0.05 0.028125
0 0.85703125 0.95546875 0.046875 0.025
0 0.8578125 0.56328125 0.0453125 0.021875
0 0.85859375 0.175 0.046875 0.028125
0 0.5359375 0.1734375 0.046875 0.028125
0 0.365625 0.196875 0.0109375 0.0734375
1 0.21328125 0.3140625 0.059375 0.1
1 0.21328125 0.43515625 0.0515625 0.0875
1 0.34140625 0.3578125 0.0625 0.0984375
1 0.5375 0.66640625 0.0640625 0.1
1 0.590625 0.509375 0.06875 0.1125
1 0.6859375 0.50859375 0.0609375 0.1109375
1 0.74140625 0.63515625 0.05625 0.109375
1 0.621875 0.7765625 0.0515625 0.10625