0 0.18125 0.27578125 0.0234375 0.0046875
0 0.18359375 0.89140625 0.02734375 0.00703125
0 0.8828125 0.89140625 0.0375 0.00703125
0 0.8859375 0.0515625 0.0296875 0.0046875
8 0.17265625 0.321875 0.00625 0.0359375
8 0.17265625 0.40703125 0.00625 0.034375
5 0.2328125 0.45390625 0.0875 0.00703125
8 0.17265625 0.55703125 0.00625 0.034375
8 0.27109375 0.89140625 0.10859375 0.00703125
8 0.8984375 0.571875 0.00625 0.06796875
8 0.7 0.0515625 0.053125 0.0046875
8 0.75625 0.0515625 0.05390625 0.0046875
8 0.81328125 0.0515625 0.053125 0.0046875
8 0.6140625 0.09375 0.00625 0.05078125
8 0.44296875 0.27578125 0.0453125 0.0046875
8 0.5046875 0.27578125 0.06875 0.0046875
8 0.565625 0.27578125 0.04609375 0.0046875
8 0.2828125 0.27578125 0.1109375 0.0046875
6 0.44914062499999996 0.7525000000000001 0.44914062499999996 0.5938125000000001 0.37039062500000003 0.5938125000000001 0.37039062500000003 0.7268749999999999 0.408671875 0.7268749999999999 0.408671875 0.7525625 0.44914062499999996 0.7525000000000001
5 0.3671875 0.81953125 0.00625 0.08671875
1 0.58671875 0.23046875 0.0609375 0.05625
1 0.3234375 0.48046875 0.04609375 0.0328125
1 0.265625 0.5234375 0.046875 0.0421875
1 0.25703125 0.59765625 0.04921875 0.0328125
1 0.26171875 0.63515625 0.040625 0.021875
1 0.15859375 0.6734375 0.03515625 0.04296875
1 0.459375 0.82421875 0.03515625 0.0453125
1 0.3234375 0.66171875 0.04609375 0.03203125
1 0.5046875 0.87265625 0.0640625 0.04453125
1 0.83203125 0.8140625 0.04296875 0.03046875
1 0.77734375 0.72890625 0.0515625 0.04765625
1 0.87578125 0.72890625 0.0515625 0.04765625
1 0.65257614375 0.6573069734375 0.658315753125 0.6532718546875 0.6577939703125 0.604015575 0.6174427812500001 0.6243303109375 0.65257614375 0.6573069734375