0 0.86171875 0.1515625 0.015625 0.046875
0 0.26640625 0.13828125 0.05625 0.021875
0 0.2046875 0.29140625 0.053125 0.01875
0 0.2046875 0.5890625 0.053125 0.021875
0 0.62890625 0.93828125 0.0546875 0.015625
0 0.86328125 0.92109375 0.0109375 0.0484375
8 0.8609375 0.5109375 0.0140625 0.05625
8 0.8609375 0.37265625 0.015625 0.0484375
8 0.77109375 0.13828125 0.05 0.0203125
8 0.58203125 0.1390625 0.053125 0.021875
8 0.253125 0.2203125 0.0171875 0.10625
8 0.18828125 0.4890625 0.01875 0.096875
8 0.4328125 0.5890625 0.053125 0.021875
8 0.60859375 0.79296875 0.0125 0.240625
8 0.7359375 0.93828125 0.053125 0.0125
1 0.64140625 0.62578125 0.0328125 0.04375
1 0.5390625 0.5125 0.046875 0.0625
1 0.59921875 0.44765625 0.0296875 0.034375
1 0.640625 0.4359375 0.0484375 0.0390625
1 0.48125 0.4359375 0.0484375 0.040625
1 0.48125 0.346875 0.046875 0.040625
1 0.38515625 0.43359375 0.046875 0.0390625
1 0.64375 0.30859375 0.028125 0.03125
1 0.709375 0.30859375 0.03125 0.03125
1 0.7515625 0.3484375 0.05 0.040625
1 0.7078125 0.38828125 0.0296875 0.0328125
2 0.27890625 0.57890625 0.046875 0.0421875
2 0.38359375 0.14921875 0.046875 0.0421875