0 0.18203125 0.17421875 0.0109375 0.01328125
0 0.18203125 0.4140625 0.0109375 0.01328125
0 0.28984375 0.4140625 0.0109375 0.01328125
0 0.18203125 0.528125 0.0109375 0.01328125
0 0.28984375 0.52890625 0.0109375 0.01328125
0 0.45390625 0.17421875 0.0109375 0.01328125
0 0.45390625 0.21328125 0.0109375 0.01328125
0 0.62265625 0.21328125 0.0109375 0.01328125
0 0.39375 0.34765625 0.0109375 0.01328125
0 0.50703125 0.4140625 0.0109375 0.01328125
0 0.50703125 0.528125 0.0109375 0.01328125
0 0.18203125 0.63125 0.0109375 0.01328125
0 0.41875 0.625 0.0109375 0.0125
0 0.18203125 0.74921875 0.0109375 0.01328125
0 0.30078125 0.7578125 0.0078125 0.0171875
0 0.62109375 0.34765625 0.0109375 0.01328125
0 0.87734375 0.4140625 0.0109375 0.01328125
0 0.87734375 0.571875 0.01171875 0.0140625
0 0.7296875 0.571875 0.01171875 0.0140625
0 0.50703125 0.66796875 0.0109375 0.01328125
0 0.49296875 0.7578125 0.0078125 0.01796875
0 0.6328125 0.66796875 0.0109375 0.01328125
0 0.6328125 0.715625 0.0109375 0.01328125
0 0.87734375 0.72265625 0.0109375 0.01328125
1 0.55625 0.27578125 0.040625 0.03984375
1 0.42421875 0.32734375 0.040625 0.0390625
1 0.46875 0.428125 0.040625 0.040625
1 0.27265625 0.45625 0.0421875 0.028125
1 0.64296875 0.39140625 0.046875 0.03359375
1 0.27265625 0.5671875 0.0421875 0.028125
1 0.40234375 0.5890625 0.0421875 0.028125
1 0.49140625 0.64765625 0.040625 0.02734375
6 0.8 0.490625 0.1453125 0.14921875
0 0.87734375 0.21328125 0.0109375 0.01328125