0 0.13515625 0.1921875 0.025 0.05
0 0.15390625 0.62578125 0.0625 0.01875
0 0.25625 0.80234375 0.0640625 0.01875
0 0.8703125 0.80234375 0.0625 0.0203125
0 0.62578125 0.55859375 0.0625 0.01875
0 0.60625 0.1921875 0.025 0.05
8 0.6046875 0.3765625 0.034375 0.115625
8 0.35625 0.175 0.14375 0.025
8 0.13359375 0.315625 0.0296875 0.1140625
8 0.13359375 0.525 0.0265625 0.059375
8 0.4265625 0.8015625 0.140625 0.021875
1 0.5453125 0.50703125 0.10625 0.0734375
1 0.26171875 0.47734375 0.1 0.06875
1 0.2640625 0.75390625 0.084375 0.0734375
6 0.728125 0.67890625 0.30625 0.228125