0 0.12578125 0.93046875 0.0296875 0.009375
0 0.1171875 0.709375 0.0125 0.0234375
0 0.1171875 0.41875 0.0125 0.0234375
0 0.12578125 0.12578125 0.03125 0.009375
0 0.62109375 0.12578125 0.03125 0.009375
0 0.62109375 0.4109375 0.0296875 0.0078125
0 0.9140625 0.409375 0.03125 0.009375
0 0.9140625 0.70390625 0.03125 0.009375
0 0.9140625 0.93046875 0.03125 0.009375
0 0.61875 0.93046875 0.03125 0.009375
0 0.61875 0.703125 0.03125 0.009375
8 0.3640625 0.93046875 0.103125 0.0125
8 0.671875 0.93046875 0.075 0.009375
8 0.83359375 0.93046875 0.1 0.0109375
8 0.92265625 0.884375 0.015625 0.0609375
8 0.84140625 0.41015625 0.0765625 0.0109375
8 0.3640625 0.12578125 0.103125 0.0125
8 0.1953125 0.12578125 0.1015625 0.0109375
1 0.6953125 0.81640625 0.075 0.0515625
1 0.63828125 0.74140625 0.0734375 0.05
1 0.75625 0.6796875 0.0625 0.05625
1 0.4953125 0.496875 0.0734375 0.05
1 0.31640625 0.43359375 0.065625 0.059375
1 0.18984375 0.61796875 0.065625 0.05625
1 0.29375 0.56171875 0.065625 0.05625
8 0.1171875 0.884375 0.015625 0.08125
6 0.16796875 0.2984375 0.1859375 0.3296875
5 0.50078125 0.4109375 0.203125 0.0125