0 0.89765625 0.9140625 0.03125 0.021875
0 0.90390625 0.15078125 0.01875 0.046875
0 0.10390625 0.15234375 0.01875 0.05
0 0.1109375 0.9140625 0.034375 0.021875
8 0.75 0.9140625 0.1921875 0.0203125
8 0.90390625 0.7609375 0.01875 0.19375
8 0.90390625 0.53359375 0.01875 0.05625
8 0.90390625 0.29140625 0.01875 0.19375
8 0.75078125 0.13828125 0.19375 0.0203125
8 0.37109375 0.13828125 0.1171875 0.021875
8 0.20078125 0.13828125 0.115625 0.0203125
8 0.10390625 0.265625 0.0203125 0.1125
8 0.10390625 0.4890625 0.0203125 0.1125
8 0.10390625 0.7609375 0.0203125 0.1921875
8 0.27734375 0.9140625 0.1921875 0.0203125
8 0.5234375 0.9140625 0.05625 0.0203125
1 0.46484375 0.79296875 0.0484375 0.06875
1 0.43203125 0.6640625 0.05625 0.08125
1 0.61640625 0.66328125 0.05625 0.08125
1 0.75625 0.4953125 0.05 0.06875
2 0.52421875 0.1640625 0.128125 0.071875