0 0.1046875 0.18515625 0.0109375 0.021875
0 0.2546875 0.18515625 0.0109375 0.021875
0 0.475 0.33515625 0.0328125 0.03125
0 0.78125 0.40546875 0.03125 0.03125
0 0.778125 0.7921875 0.0375 0.025
0 0.415625 0.7921875 0.0375 0.025
0 0.2546875 0.6734375 0.0109375 0.0234375
0 0.1046875 0.6734375 0.0109375 0.021875
8 0.10546875 0.559375 0.021875 0.0390625
8 0.10546875 0.4515625 0.021875 0.0375
8 0.32890625 0.2453125 0.0640625 0.028125
8 0.40078125 0.27890625 0.025 0.04375
8 0.7109375 0.4 0.10625 0.025
8 0.78828125 0.68515625 0.025 0.13125
8 0.4859375 0.79453125 0.0671875 0.028125
8 0.35078125 0.67421875 0.034375 0.0265625
8 0.30703125 0.67421875 0.034375 0.0265625
8 0.18203125 0.1796875 0.121875 0.021875
1 0.2328125 0.49453125 0.053125 0.046875
1 0.36875 0.459375 0.040625 0.0296875
1 0.43515625 0.39296875 0.0453125 0.0484375
1 0.6265625 0.365625 0.059375 0.046875
1 0.5359375 0.48828125 0.04375 0.0296875
1 0.34453125 0.5953125 0.053125 0.0484375
1 0.390625 0.60625 0.04375 0.034375
1 0.43671875 0.58984375 0.053125 0.0484375