0 0.17734375 0.3046875 0.03515625 0.0171875
0 0.1796875 0.7921875 0.03984375 0.0171875
0 0.81015625 0.9046875 0.015625 0.05390625
0 0.79296875 0.10390625 0.05 0.01796875
8 0.16796875 0.6703125 0.01640625 0.16015625
8 0.31875 0.7921875 0.16171875 0.0171875
8 0.68203125 0.9234375 0.12109375 0.01796875
8 0.81015625 0.596875 0.015625 0.12265625
8 0.81015625 0.35390625 0.015625 0.08046875
8 0.690625 0.10390625 0.0515625 0.01796875
8 0.490625 0.3046875 0.08125 0.0171875
8 0.2765625 0.3046875 0.12109375 0.0171875
1 0.56640625 0.1421875 0.0421875 0.0515625
1 0.425 0.328125 0.05078125 0.05625
1 0.3703125 0.37734375 0.0359375 0.0515625
1 0.56328125 0.525 0.0359375 0.05078125
1 0.4953125 0.76171875 0.07109375 0.07890625
1 0.56953125 0.74921875 0.0484375 0.06796875