0 0.121875 0.078125 0.0265625 0.0109375
0 0.8015625 0.0765625 0.0265625 0.0078125
0 0.8109375 0.9 0.00625 0.0234375
0 0.36640625 0.865625 0.021875 0.009375
8 0.1125 0.14609375 0.0078125 0.0546875
1 0.17578125 0.1796875 0.0359375 0.05
8 0.3265625 0.296875 0.103125 0.0078125
8 0.4 0.40078125 0.0078125 0.0546875
8 0.4 0.55078125 0.0078125 0.053125
8 0.359375 0.740625 0.0078125 0.0828125
8 0.48203125 0.86640625 0.053125 0.009375
5 0.7328125 0.7 0.1140625 0.0140625
5 0.7203125 0.5984375 0.1421875 0.0140625
8 0.8109375 0.803125 0.00625 0.10625
8 0.8109375 0.496875 0.00625 0.10625
8 0.8109375 0.346875 0.00625 0.053125
8 0.8109375 0.11953125 0.00625 0.053125
8 0.66953125 0.0765625 0.125 0.0078125
5 0.46640625 0.1265625 0.11875 0.0140625
1 0.2265625 0.2 0.0421875 0.0328125
1 0.4640625 0.21640625 0.0515625 0.05625
1 0.51328125 0.44921875 0.0390625 0.0546875
1 0.5671875 0.359375 0.0640625 0.0703125
1 0.51171875 0.57890625 0.040625 0.0578125
1 0.6234375 0.565625 0.040625 0.05625
1 0.62265625 0.7328125 0.040625 0.05625
6 0.5319375 0.789921875 0.4324375 0.79 0.4324375 0.690625 0.531875 0.690625 0.5319375 0.61875 0.36248101093749996 0.6187438968750001 0.3625625 0.861640625 0.5319375 0.8617968749999999 0.5319375 0.789921875