0 0.1671875 0.10078125 0.0375 0.0125
0 0.16640625 0.34375 0.0375 0.0125
0 0.16640625 0.60546875 0.0375 0.0125
0 0.1546875 0.89765625 0.0140625 0.034375
0 0.42265625 0.90859375 0.0375 0.0125
0 0.6015625 0.90859375 0.0375 0.0125
0 0.8578125 0.90859375 0.0375 0.0125
0 0.57734375 0.75546875 0.0265625 0.034375
0 0.8578125 0.6015625 0.0375 0.0125
0 0.56484375 0.4421875 0.0140625 0.034375
0 0.540625 0.10078125 0.0375 0.0125
0 0.553125 0.271875 0.0140625 0.034375
0 0.85859375 0.28828125 0.0375 0.0125
8 0.153125 0.13984375 0.009375 0.040625
8 0.153125 0.4015625 0.009375 0.040625
8 0.153125 0.4515625 0.009375 0.040625
8 0.153125 0.79375 0.009375 0.040625
8 0.153125 0.8390625 0.009375 0.040625
8 0.23671875 0.91015625 0.04375 0.009375
8 0.29453125 0.91015625 0.059375 0.009375
8 0.35234375 0.91015625 0.04375 0.009375
8 0.671875 0.91015625 0.04375 0.009375
8 0.72890625 0.91015625 0.059375 0.009375
8 0.78671875 0.91015625 0.04375 0.009375
8 0.871875 0.8421875 0.009375 0.040625
8 0.871875 0.79296875 0.009375 0.040625
8 0.871875 0.4828125 0.009375 0.053125
8 0.871875 0.315625 0.009375 0.04375
8 0.696875 0.2859375 0.05625 0.00625
8 0.76328125 0.2859375 0.05625 0.00625
8 0.55234375 0.2140625 0.0125 0.040625
8 0.55234375 0.165625 0.0125 0.040625
8 0.2765625 0.0984375 0.059375 0.00625
8 0.35390625 0.0984375 0.0734375 0.00625
8 0.43203125 0.0984375 0.059375 0.00625
1 0.1265625 0.5328125 0.0484375 0.040625
1 0.240625 0.58359375 0.04375 0.03125
1 0.31875 0.58125 0.046875 0.0375
1 0.4140625 0.584375 0.046875 0.05
1 0.3765625 0.48515625 0.05625 0.0578125
1 0.67890625 0.62734375 0.059375 0.0453125
1 0.84921875 0.63046875 0.05625 0.04375
1 0.79140625 0.7 0.05625 0.0546875
1 0.5125 0.8484375 0.075 0.075
1 0.63203125 0.2609375 0.05625 0.05625
6 0.3671875 0.69375 0.1984375 0.05625
5 0.415625 0.43984375 0.009375 0.0734375