8 0.83125 0.79765625 0.053125 0.028125
8 0.6578125 0.778125 0.090625 0.0671875
8 0.95703125 0.62265625 0.028125 0.046875
5 0.65859375 0.1515625 0.1578125 0.03125
5 0.2828125 0.26796875 0.1578125 0.0265625
1 0.5203125 0.2234375 0.0796875 0.071875
1 0.85703125 0.48359375 0.0671875 0.1171875
1 0.85 0.5578125 0.05625 0.0875
1 0.82421875 0.69140625 0.05 0.059375
1 0.54140625 0.62578125 0.0515625 0.0828125
1 0.490625 0.7078125 0.0515625 0.059375
1 0.3296875 0.81015625 0.0546875 0.08125
1 0.1484375 0.8140625 0.078125 0.071875
8 0.134375 0.6828125 0.0515625 0.1
8 0.14296875 0.42265625 0.0671875 0.1609375
0 0.790625 0.15546875 0.0609375 0.028125
0 0.1375 0.26953125 0.05625 0.0328125
0 0.13671875 0.89140625 0.0625 0.03125
0 0.940625 0.7953125 0.05625 0.03125