0 0.7859375 0.05390625 0.0203125 0.0203125
0 0.615625 0.05390625 0.021875 0.0203125
0 0.53359375 0.05390625 0.0234375 0.0203125
0 0.375 0.05390625 0.021875 0.0203125
0 0.18984375 0.059375 0.0125 0.034375
0 0.19375 0.31484375 0.0203125 0.0203125
0 0.375 0.31484375 0.0234375 0.021875
0 0.61796875 0.315625 0.025 0.01875
0 0.7859375 0.315625 0.0203125 0.01875
0 0.7859375 0.53515625 0.0203125 0.01875
0 0.61640625 0.53359375 0.0234375 0.0203125
0 0.36796875 0.4109375 0.021875 0.021875
0 0.18984375 0.4046875 0.0125 0.034375
0 0.19375 0.65390625 0.0203125 0.0203125
0 0.36875 0.65390625 0.0203125 0.0203125
0 0.65390625 0.66015625 0.0109375 0.0375
0 0.7859375 0.65625 0.0203125 0.01875
0 0.65390625 0.8578125 0.0125 0.03125
0 0.56953125 0.8578125 0.0109375 0.03125
0 0.44453125 0.8578125 0.0125 0.03125
0 0.371875 0.8578125 0.0140625 0.03125
0 0.1890625 0.8578125 0.0125 0.0328125
8 0.28046875 0.05390625 0.08125 0.0203125
8 0.4546875 0.05390625 0.1015625 0.0203125
8 0.575 0.053125 0.034375 0.021875
8 0.18984375 0.1921875 0.0125 0.1015625
8 0.18984375 0.35078125 0.0125 0.0515625
8 0.37421875 0.60546875 0.0078125 0.0765625
8 0.1890625 0.7421875 0.0125 0.1265625
8 0.2171875 0.91796875 0.0453125 0.015625
8 0.346875 0.91796875 0.0390625 0.015625
8 0.50703125 0.94765625 0.1015625 0.01875
8 0.7359375 0.91953125 0.08125 0.0109375
8 0.82421875 0.76015625 0.009375 0.1265625
8 0.82421875 0.59375 0.009375 0.053125
8 0.82421875 0.4625 0.009375 0.1046875
2 0.6078125 0.78046875 0.0671875 0.0390625
1 0.73359375 0.6328125 0.0359375 0.04375
1 0.68515625 0.66875 0.05 0.0546875
1 0.8046875 0.359375 0.05 0.0703125
1 0.64140625 0.48203125 0.059375 0.084375
1 0.5859375 0.2125 0.0390625 0.04375
1 0.51875 0.27578125 0.053125 0.0765625
1 0.33984375 0.28984375 0.046875 0.0515625
1 0.2890625 0.334375 0.040625 0.04375
1 0.35234375 0.70078125 0.0515625 0.0734375
1 0.42421875 0.759375 0.0421875 0.0453125
6 0.50703125 0.78828125 0.1140625 0.3015625
0 0.44453125 0.659375 0.0125 0.0390625