0 0.8453125 0.1234375 0.071875 0.015625
0 0.8453125 0.4609375 0.071875 0.0171875
0 0.23984375 0.51484375 0.0734375 0.0078125
0 0.52421875 0.8875 0.0703125 0.0125
0 0.240625 0.8875 0.071875 0.0125
0 0.23984375 0.275 0.0734375 0.015625
0 0.60546875 0.275 0.071875 0.015625
0 0.6515625 0.1234375 0.071875 0.015625
8 0.38515625 0.275 0.209375 0.015625
8 0.76796875 0.4609375 0.0703125 0.015625
1 0.53828125 0.4453125 0.0828125 0.0453125
1 0.621875 0.4859375 0.0890625 0.06875
6 0.7484375 0.20625 0.2140625 0.1515625