0 0.23671875 0.8625 0.0234375 0.009375
0 0.55 0.85859375 0.0125 0.01875
0 0.74609375 0.85859375 0.0125 0.01875
0 0.81875 0.61953125 0.021875 0.009375
0 0.746875 0.625 0.0125 0.01875
0 0.64609375 0.671875 0.021875 0.009375
0 0.2375 0.67421875 0.021875 0.009375
0 0.23828125 0.5421875 0.021875 0.0109375
0 0.64609375 0.475 0.0234375 0.0109375
0 0.81875 0.36796875 0.021875 0.009375
0 0.765625 0.3640625 0.0125 0.01875
0 0.765625 0.15 0.0125 0.01875
0 0.52421875 0.31640625 0.021875 0.009375
0 0.2328125 0.15 0.0125 0.01875
1 0.42578125 0.36015625 0.0546875 0.05
1 0.4546875 0.44609375 0.0578125 0.053125
1 0.57109375 0.33359375 0.075 0.053125
1 0.46640625 0.57109375 0.06875 0.046875
1 0.56796875 0.53515625 0.06875 0.05
1 0.6984375 0.59609375 0.090625 0.0625
5 0.615625 0.171875 0.0140625 0.05
5 0.615625 0.28515625 0.0125 0.04375
8 0.52890625 0.5328125 0.01875 0.0359375
8 0.42578125 0.61875 0.01875 0.1
6 0.7265625 0.44453125 0.19375 0.153125