0 0.896875 0.97890625 0.0140625 0.0328125
8 0.76171875 0.99140625 0.1484375 0.009375
1 0.64921875 0.82421875 0.05625 0.05
0 0.2140625 0.76640625 0.028125 0.0171875
0 0.09609375 0.76875 0.0125 0.025
0 0.2140625 0.575 0.028125 0.01875
0 0.20703125 0.096875 0.015625 0.028125
0 0.896875 0.09609375 0.0140625 0.028125
8 0.29296875 0.86484375 0.184375 0.009375
8 0.2078125 0.8171875 0.0140625 0.084375
8 0.1296875 0.775 0.05625 0.0140625
8 0.0903814265625 0.7565649875 0.10199005000000001 0.7564986734375 0.10207296875 0.7676392578125 0.11191523750000001 0.7677123640625 0.1120232171875 0.5616710874999999 0.090390978125 0.5616618078125 0.0903814265625 0.7565649875
8 0.1359375 0.56875 0.046875 0.015625
8 0.3546875 0.5390625 0.090625 0.009375
8 0.20703125 0.3484375 0.015625 0.0828125
8 0.16953125 0.15703125 0.0140625 0.09375
8 0.18671875 0.11484375 0.01875 0.009375
8 0.45390625 0.0875 0.0859375 0.009375
8 0.565625 0.11484375 0.1125 0.009375
8 0.73203125 0.0875 0.171875 0.009375
8 0.73125 0.57109375 0.171875 0.009375
8 0.82578125 0.4484375 0.103125 0.009375
1 0.6484375 0.734375 0.0546875 0.05
1 0.7921875 0.3703125 0.0625 0.04375
1 0.68671875 0.2703125 0.0828125 0.0578125
1 0.4828125 0.26640625 0.05625 0.05
1 0.5171875 0.21484375 0.04375 0.0390625
1 0.478125 0.91328125 0.0640625 0.0578125
1 0.23984375 0.65 0.04375 0.0375
1 0.42772141875 0.6182435765625 0.38682507187500004 0.6574010359375 0.43747651093749995 0.6896571812500001 0.4844112765625 0.6553050390624999 0.42772141875 0.6182435765625
6 0.5390625 0.509375 0.1625 0.115625