0 0.16484375 0.45390625 0.00625 0.034375
0 0.25 0.8390625 0.0078125 0.0265625
0 0.87890625 0.075 0.0078125 0.0265625
0 0.87890625 0.8390625 0.0078125 0.025
8 0.1640625 0.59375 0.0078125 0.1203125
8 0.87890625 0.6859375 0.00625 0.1453125
8 0.83984375 0.06640625 0.0390625 0.0078125
1 0.82734375 0.15234375 0.0390625 0.04375
1 0.7828125 0.18359375 0.034375 0.0375
1 0.7765625 0.434375 0.0421875 0.0609375
1 0.69140625 0.5703125 0.0484375 0.0703125
1 0.63125 0.63359375 0.0421875 0.0453125
1 0.27421875 0.76015625 0.0375 0.040625
1 0.3015625 0.571875 0.05 0.0703125
1 0.38046875 0.63125 0.0375 0.040625
1 0.471875 0.63359375 0.0421875 0.0453125
6 0.45546875 0.48671875 0.259375 0.0828125
5 0.6578125 0.7515625 0.00625 0.14375
5 0.84375 0.4328125 0.00625 0.1328125