1 0.7859375 0.31640625 0.0765625 0.053125
1 0.4078125 0.3609375 0.0734375 0.053125
1 0.20859375 0.56796875 0.075 0.05
1 0.17734375 0.71640625 0.0828125 0.046875
1 0.209375 0.79140625 0.0765625 0.05
1 0.65390625 0.715625 0.0875 0.046875
8 0.63515625 0.05078125 0.1421875 0.009375
8 0.08515625 0.4421875 0.009375 0.075
8 0.08515625 0.603125 0.009375 0.075
8 0.08515625 0.79375 0.009375 0.0296875
8 0.69140625 0.8265625 0.015625 0.0890625
8 0.69140625 0.60390625 0.015625 0.075
8 0.69140625 0.44296875 0.0140625 0.0875
0 0.9234375 0.06328125 0.01875 0.03125
0 0.92265625 0.3265625 0.0171875 0.0328125
0 0.34765625 0.0625 0.01875 0.034375
0 0.08984375 0.35078125 0.015625 0.03125
0 0.25859375 0.9078125 0.01875 0.0328125
0 0.6890625 0.9078125 0.015625 0.034375