0 0.1359375 0.70703125 0.0234375 0.0078125
0 0.64140625 0.7796875 0.0125 0.021875
0 0.96796875 0.52578125 0.0125 0.03125
0 0.8703125 0.296875 0.0125 0.0265625
8 0.13125 0.678125 0.0125 0.0328125
8 0.1984375 0.70703125 0.0515625 0.00625
8 0.2734375 0.746875 0.0125 0.03125
8 0.35859375 0.7859375 0.0515625 0.009375
8 0.5078125 0.7859375 0.0515625 0.009375
8 0.59765625 0.7859375 0.0515625 0.009375
8 0.64140625 0.73671875 0.0125 0.040625
8 0.5046875 0.6703125 0.0515625 0.00625
8 0.59765625 0.6703125 0.05 0.00625
8 0.96796875 0.59375 0.0125 0.0515625
8 0.8703125 0.35859375 0.0125 0.075
8 0.84609375 0.2875 0.028125 0.009375
8 0.75 0.2875 0.028125 0.009375
8 0.678125 0.2875 0.028125 0.009375
8 0.51015625 0.2875 0.0625 0.009375
8 0.40859375 0.2875 0.028125 0.009375
8 0.0578125 0.43046875 0.0765625 0.00625
5 0.42578125 0.38671875 0.0625 0.003125
2 0.12265625 0.62421875 0.03125 0.0515625
2 0.12265625 0.475 0.0296875 0.0515625
2 0.403125 0.62421875 0.028125 0.0515625
2 0.403125 0.475 0.0296875 0.05
2 0.51796875 0.44140625 0.0765625 0.028125
2 0.65390625 0.44140625 0.075 0.028125
2 0.85625 0.47265625 0.028125 0.040625
1 0.1234375 0.409375 0.028125 0.025
1 0.4453125 0.68828125 0.0296875 0.025
1 0.54765625 0.6890625 0.028125 0.025
1 0.63515625 0.68828125 0.025 0.021875
1 0.69765625 0.7 0.034375 0.0265625
1 0.72734375 0.60625 0.028125 0.025
1 0.73125 0.40859375 0.03125 0.028125
5 0.721875 0.359375 0.0046875 0.040625
1 0.49609375 0.37421875 0.040625 0.028125
1 0.453125 0.3046875 0.0296875 0.025
1 0.36328125 0.3765625 0.034375 0.025
1 0.71171875 0.3203125 0.0234375 0.021875
6 0.59765625 0.72734375 0.071875 0.10625
6 0.234375 0.32421875 0.19375 0.128125