0 0.88125 0.77890625 0.0453125 0.0078125
0 0.51953125 0.77890625 0.04375 0.0078125
0 0.12578125 0.77890625 0.0453125 0.0078125
0 0.12578125 0.484375 0.0453125 0.00625
0 0.12578125 0.18828125 0.0453125 0.00625
0 0.51875 0.309375 0.0453125 0.00625
0 0.88203125 0.30859375 0.04375 0.00625
0 0.51875 0.54609375 0.046875 0.0078125
0 0.88125 0.54609375 0.04375 0.00625
8 0.89765625 0.42734375 0.0125 0.125
8 0.89765625 0.6625 0.0125 0.1265625
8 0.7 0.77890625 0.221875 0.00625
8 0.30625 0.77890625 0.221875 0.00625
8 0.109375 0.690625 0.0125 0.1265625
8 0.109375 0.54296875 0.0125 0.0375
8 0.109375 0.43203125 0.0125 0.0375
8 0.109375 0.28515625 0.0125 0.125
8 0.30546875 0.18828125 0.221875 0.00625
8 0.7 0.30859375 0.221875 0.00625
1 0.546875 0.5140625 0.1 0.05
1 0.546875 0.57421875 0.1 0.05
1 0.453125 0.459375 0.0890625 0.0578125
1 0.28671875 0.41015625 0.1 0.05
1 0.28671875 0.57421875 0.1015625 0.05
1 0.45234375 0.628125 0.0890625 0.05625