0 0.1609375 0.71796875 0.0171875 0.053125
0 0.1609375 0.33203125 0.0171875 0.0546875
0 0.315625 0.29296875 0.0171875 0.05625
0 0.315625 0.1171875 0.0171875 0.05625
0 0.80390625 0.11796875 0.0171875 0.053125
0 0.80390625 0.43125 0.01875 0.05625
0 0.7890625 0.86640625 0.046875 0.0203125
0 0.3328125 0.86640625 0.046875 0.0203125
0 0.31796875 0.753125 0.0171875 0.0546875
0 0.4359375 0.62265625 0.046875 0.0203125
0 0.44609375 0.43125 0.0171875 0.0546875
8 0.6921875 0.86640625 0.0734375 0.01875
8 0.46953125 0.86640625 0.0734375 0.01875
8 0.74140625 0.1 0.0578125 0.01875
8 0.50234375 0.1 0.05625 0.01875
8 0.31640625 0.1890625 0.015625 0.053125
8 0.23046875 0.3125 0.0578125 0.0140625
8 0.28203125 0.7359375 0.046875 0.01875
8 0.19765625 0.7359375 0.046875 0.01875
1 0.440625 0.76640625 0.05625 0.0625
1 0.38984375 0.69296875 0.06875 0.0703125
1 0.70390625 0.65625 0.071875 0.0875
1 0.70234375 0.41484375 0.0765625 0.0875
1 0.5484375 0.41484375 0.0796875 0.0875
1 0.4765625 0.49765625 0.065625 0.071875
1 0.409375 0.2765625 0.075 0.0875
5 0.7453125 0.7515625 0.009375 0.215625
5 0.74453125 0.5359375 0.0125 0.1328125
5 0.44921875 0.2 0.009375 0.096875
1 0.68359375 0.37265625 0.0546875 0.059375
5 0.278125 0.56953125 0.184375 0.0109375
6 0.5671875 0.58046875 0.3421875 0.0640625