0 0.9125 0.93984375 0.0359375 0.01875
0 0.921875 0.36484375 0.0171875 0.05625
0 0.0765625 0.21328125 0.015625 0.053125
0 0.09140625 0.821875 0.046875 0.028125
8 0.74765625 0.93984375 0.028125 0.01875
8 0.7078125 0.93984375 0.028125 0.01875
8 0.66953125 0.93984375 0.028125 0.01875
8 0.58203125 0.9359375 0.03125 0.028125
8 0.4921875 0.821875 0.03125 0.0265625
8 0.4578125 0.821875 0.03125 0.0265625
8 0.4234375 0.821875 0.03125 0.025
8 0.35859375 0.821875 0.03125 0.025
8 0.2546875 0.821875 0.03125 0.028125
1 0.90625 0.5109375 0.046875 0.06875
1 0.79921875 0.51875 0.046875 0.06875
1 0.64375 0.71953125 0.05625 0.0765625
1 0.5703125 0.71953125 0.046875 0.06875
1 0.60078125 0.296875 0.046875 0.065625
1 0.40703125 0.48125 0.05 0.06875
1 0.31953125 0.6390625 0.046875 0.06875
1 0.2625 0.42421875 0.0375 0.04375
1 0.1933700359375 0.5253672078125 0.18105958125 0.5454430625 0.21709330312500003 0.57676139375 0.23799543124999997 0.5502612671875 0.24261260624999997 0.5443005750000001 0.212989821875 0.492603415625 0.1933700359375 0.5253672078125
1 0.194220534375 0.4481485375 0.1934455015625 0.4489222625 0.21594166406249998 0.49366336874999994 0.23971213750000003 0.44474480312500003 0.21222646093750003 0.3961980609375 0.194220534375 0.4481485375
5 0.84921875 0.35234375 0.103125 0.03125
5 0.69609375 0.35234375 0.103125 0.03125
5 0.5515625 0.20078125 0.103125 0.028125
5 0.440625 0.20078125 0.103125 0.028125
5 0.2953125 0.20078125 0.103125 0.028125
5 0.1484375 0.20078125 0.103125 0.028125
5 0.0765625 0.66171875 0.0171875 0.184375
1 0.3625 0.65859375 0.0375 0.03125