0 0.78359375 0.13203125 0.0375 0.0375
0 0.78359375 0.35390625 0.040625 0.0359375
0 0.09453125 0.3375 0.0375 0.0375
0 0.78359375 0.79375 0.034375 0.0359375
0 0.175 0.903125 0.040625 0.0375
8 0.61484375 0.91328125 0.15625 0.0171875
8 0.35078125 0.9140625 0.171875 0.015625
8 0.29453125 0.1203125 0.1515625 0.015625
2 0.71875 0.28046875 0.146875 0.0953125
1 0.40625 0.4 0.11875 0.0484375
1 0.25390625 0.44375 0.13125 0.05
2 0.7203125 0.41640625 0.14375 0.084375
1 0.678125 0.48984375 0.121875 0.0640625
2 0.715625 0.853125 0.11875 0.0859375
1 0.47421875 0.8875 0.11875 0.05
8 0.0921875 0.2078125 0.0359375 0.059375
8 0.0921875 0.42421875 0.040625 0.05625
8 0.09375 0.553125 0.034375 0.05625
1 0.43671875 0.1375 0.1109375 0.0546875
8 0.5734375 0.1203125 0.153125 0.015625