0 0.11796875 0.12890625 0.0125 0.03125
0 0.38515625 0.1 0.0125 0.0328125
0 0.67578125 0.1 0.009375 0.0328125
0 0.65703125 0.34765625 0.0453125 0.00625
0 0.84921875 0.45390625 0.0125 0.0328125
0 0.84921875 0.80234375 0.0125 0.03125
0 0.11796875 0.3140625 0.0125 0.0328125
8 0.25078125 0.11640625 0.13125 0.00625
8 0.53671875 0.16328125 0.0875 0.009375
8 0.5671875 0.72734375 0.0890625 0.0078125
8 0.38203125 0.72734375 0.0875 0.0078125
1 0.44453125 0.1890625 0.0734375 0.0609375
1 0.19140625 0.36640625 0.0640625 0.040625
1 0.16875 0.48359375 0.0609375 0.0484375
1 0.21484375 0.70390625 0.0671875 0.05625
1 0.30625 0.340625 0.065625 0.04375
6 0.2078125 0.8265625 0.1296875 0.1890625
0 0.11796875 0.715625 0.0125 0.03125
6 0.21640625 0.59453125 0.1859375 0.2578125