0 0.94375 0.0921875 0.0125 0.028125
0 0.9453125 0.809375 0.0078125 0.0265625
0 0.07734375 0.8203125 0.025 0.00625
0 0.11328125 0.35 0.009375 0.021875
8 0.871875 0.08203125 0.05625 0.00625
1 0.83671875 0.14921875 0.053125 0.0375
8 0.7140625 0.30859375 0.00625 0.109375
8 0.60390625 0.3859375 0.05625 0.00625
8 0.4453125 0.3859375 0.05625 0.00625
8 0.24609375 0.34296875 0.0875 0.00625
8 0.11328125 0.47265625 0.009375 0.05625
5 0.28828125 0.73671875 0.015625 0.1203125
5 0.3953125 0.7234375 0.015625 0.15
8 0.1796875 0.81953125 0.1125 0.00625
8 0.50234375 0.81953125 0.1125 0.00625
8 0.66015625 0.8203125 0.05625 0.0078125
8 0.9 0.81953125 0.05625 0.00625
8 0.9453125 0.6703125 0.009375 0.13125
5 0.89296875 0.45625 0.015625 0.125
1 0.81484375 0.203125 0.034375 0.04375
1 0.7984375 0.45390625 0.059375 0.053125
1 0.55234375 0.50546875 0.05625 0.040625
1 0.64765625 0.5625 0.075 0.06875
1 0.41640625 0.50390625 0.059375 0.0421875
1 0.4296875 0.62109375 0.059375 0.0421875
1 0.25390625 0.62109375 0.059375 0.0421875
6 0.19349258593750002 0.5251319265625 0.1934102140625 0.4201187328125 0.298187809375 0.4201187328125 0.298187809375 0.5250659625 0.3739703453125 0.5251319265625 0.37397678125 0.346286028125 0.11787479375000001 0.34637203125 0.11771005000000001 0.5251319265625 0.19349258593750002 0.5251319265625