0 0.434375 0.053125 0.0453125 0.03046875
0 0.425 0.3375 0.034375 0.034375
0 0.61875 0.628125 0.09609375 0.01640625
0 0.6609375 0.6921875 0.01328125 0.14296875
0 0.6203125 0.865625 0.0140625 0.06171875
0 0.4359375 0.884375 0.0421875 0.02109375
0 0.63125 0.4234375 0.0140625 0.08984375
1 0.49296875 0.10625 0.02578125 0.009375
1 0.51015625 0.3375 0.0328125 0.009375
1 0.6328125 0.3609375 0.00859375 0.04453125
1 0.5734375 0.60625 0.00625 0.03359375
1 0.5734375 0.6515625 0.00625 0.04140625
1 0.5375 0.6484375 0.00703125 0.0390625
1 0.49375 0.625 0.0265625 0.00703125
1 0.55625 0.71875 0.0265625 0.00703125
1 0.5734375 0.77734375 0.00703125 0.03125
4 0.53828125 0.521875 0.00625 0.03671875
8 0.41875 0.81875 0.00703125 0.10078125
8 0.41875 0.68125 0.0078125 0.1
8 0.43359375 0.52109375 0.0078125 0.053125
8 0.43359375 0.4 0.01015625 0.10078125
8 0.43359375 0.271875 0.0078125 0.10390625
8 0.5328125 0.890625 0.04296875 0.01015625
8 0.5984375 0.9234375 0.0453125 0.00859375
7 0.6328125 0.56640625 0.00625 0.0328125
7 0.58828125 0.8625 0.028125 0.00859375
7 0.45234375 0.078125 0.009375 0.03828125