0 0.1296875 0.0734375 0.028125 0.04375
0 0.62421875 0.0734375 0.028125 0.0421875
0 0.62421875 0.928125 0.028125 0.04375
0 0.1296875 0.92734375 0.028125 0.04375
8 0.27578125 0.07265625 0.0875 0.0484375
8 0.475 0.0734375 0.04375 0.0453125
8 0.62421875 0.77421875 0.03125 0.075
8 0.27578125 0.928125 0.0859375 0.0453125
1 0.5546875 0.07890625 0.053125 0.059375
1 0.4546875 0.2546875 0.0484375 0.053125
1 0.5078125 0.3578125 0.046875 0.0671875
1 0.48203125 0.74921875 0.053125 0.059375
1 0.48203125 0.92109375 0.053125 0.059375
1 0.14453125 0.5 0.0609375 0.0890625
6 0.54765625 0.540625 0.1296875 0.1953125