0 0.35 0.1359375 0.034375 0.015625
0 0.17421875 0.3921875 0.03359375 0.01328125
0 0.35 0.53671875 0.034375 0.01328125
0 0.1625 0.8265625 0.0109375 0.0421875
0 0.55234375 0.7859375 0.03515625 0.0234375
0 0.54765625 0.3921875 0.03359375 0.01484375
0 0.6 0.1359375 0.03515625 0.01484375
8 0.8640625 0.78984375 0.04375 0.01875
8 0.86328125 0.62109375 0.04609375 0.01953125
8 0.8046875 0.5765625 0.01640625 0.0515625
8 0.80390625 0.42578125 0.01484375 0.05078125
8 0.2265625 0.5359375 0.04921875 0.02109375
8 0.33828125 0.321875 0.01640625 0.06328125
8 0.33828125 0.234375 0.01484375 0.0640625
8 0.54765625 0.70625 0.0453125 0.01875
8 0.6515625 0.70546875 0.04375 0.01796875
8 0.5421875 0.13671875 0.04375 0.0203125
1 0.70390625 0.56328125 0.046875 0.04375
1 0.70625 0.653125 0.046875 0.0421875
1 0.5984375 0.68515625 0.04375 0.0484375
1 0.53515625 0.56953125 0.0390625 0.05234375
1 0.35390625 0.42890625 0.04609375 0.04609375
8 0.8046875 0.47734375 0.0140625 0.05078125