0 0.81171875 0.0953125 0.025 0.01953125
0 0.6390625 0.0953125 0.0234375 0.0203125
0 0.55546875 0.0953125 0.025 0.01953125
0 0.39296875 0.09453125 0.025 0.0203125
0 0.20546875 0.1 0.01640625 0.03046875
0 0.209375 0.3078125 0.025 0.02109375
0 0.39296875 0.3078125 0.0234375 0.01875
0 0.3875 0.384375 0.02578125 0.02109375
0 0.2046875 0.3796875 0.01640625 0.03203125
0 0.209375 0.584375 0.025 0.02265625
0 0.3875 0.5828125 0.0234375 0.01953125
0 0.46484375 0.5890625 0.015625 0.03515625
0 0.390625 0.74921875 0.015625 0.0296875
0 0.4640625 0.74921875 0.0171875 0.03125
0 0.20546875 0.75 0.0171875 0.03203125
0 0.590625 0.75 0.0171875 0.03203125
0 0.678125 0.75 0.015625 0.03046875
0 0.67890625 0.5875 0.01640625 0.03671875
0 0.8125 0.5828125 0.02421875 0.02265625
0 0.8125 0.4859375 0.0265625 0.01953125
0 0.63984375 0.4859375 0.025 0.02109375
0 0.64140625 0.3078125 0.02734375 0.01875
0 0.8125 0.3078125 0.0234375 0.02109375
8 0.634375 0.8 0.06953125 0.01328125
8 0.76015625 0.80078125 0.084375 0.0125
8 0.853125 0.696875 0.01328125 0.10703125
8 0.853125 0.396875 0.01328125 0.1078125
8 0.853125 0.2015625 0.0109375 0.10703125
8 0.74140625 0.09375 0.1015625 0.02109375
8 0.3015625 0.09453125 0.08671875 0.0234375
8 0.2046875 0.1984375 0.01796875 0.08984375
8 0.528125 0.821875 0.1046875 0.0234375
1 0.675 0.6578125 0.01015625 0.0703125
1 0.58671875 0.625 0.01015625 0.07890625
1 0.39296875 0.26640625 0.00703125 0.0625
1 0.39921875 0.2046875 0.00859375 0.05625
1 0.290625 0.35 0.0078125 0.0578125
1 0.31875 0.384375 0.0484375 0.0171875
1 0.43046875 0.5796875 0.05703125 0.0140625
1 0.74375 0.5828125 0.0453125 0.01953125
1 0.63203125 0.203125 0.009375 0.059375
4 0.68671875 0.3078125 0.06328125 0.02109375
7 0.20546875 0.446875 0.021875 0.04609375
7 0.20390625 0.33515625 0.015625 0.0484375
7 0.434375 0.09453125 0.0390625 0.021875
7 0.59765625 0.0953125 0.0390625 0.02265625
7 0.85234375 0.5328125 0.01171875 0.04765625
5 0.8140625 0.625 0.053125 0.0125
4 0.6328125 0.396875 0.0109375 0.07578125
4 0.51640625 0.234375 0.0859375 0.0125
6 0.3 0.53984375 0.203125 0.0703125
6 0.5265625 0.70078125 0.11328125 0.2265625