0 0.096875 0.09609375 0.0125 0.034375
0 0.096875 0.4609375 0.0125 0.034375
0 0.096875 0.94765625 0.0125 0.034375
0 0.565625 0.946875 0.0125 0.034375
0 0.91953125 0.946875 0.0125 0.034375
0 0.91875 0.4609375 0.0125 0.034375
0 0.91875 0.09609375 0.0109375 0.034375
0 0.465625 0.09609375 0.0109375 0.034375
0 0.465625 0.46171875 0.0125 0.0359375
0 0.565625 0.62734375 0.0109375 0.034375
8 0.91875 0.2375 0.0109375 0.171875
8 0.91875 0.4 0.0109375 0.053125
8 0.91875 0.71484375 0.0109375 0.171875
8 0.096875 0.78671875 0.0109375 0.1734375
8 0.096875 0.278125 0.0109375 0.171875
8 0.28125 0.08359375 0.2 0.009375
8 0.6921875 0.08359375 0.2 0.009375
1 0.5203125 0.6484375 0.078125 0.078125
1 0.3140625 0.5125 0.0890625 0.06875
1 0.4203125 0.43984375 0.078125 0.078125
1 0.6109375 0.38359375 0.0796875 0.078125
1 0.5171875 0.315625 0.0796875 0.078125
8 0.096875 0.54453125 0.009375 0.0515625
2 0.696875 0.934375 0.1203125 0.059375