0 0.40703125 0.9015625 0.028125 0.009375
0 0.6984375 0.9015625 0.0265625 0.0078125
0 0.70703125 0.63671875 0.0265625 0.009375
0 0.92109375 0.63671875 0.028125 0.009375
0 0.92109375 0.3296875 0.028125 0.009375
8 0.85703125 0.3296875 0.096875 0.0109375
0 0.71796875 0.3296875 0.0265625 0.009375
0 0.6984375 0.19609375 0.0265625 0.0078125
0 0.46015625 0.19609375 0.0265625 0.009375
0 0.25078125 0.16015625 0.0265625 0.009375
0 0.1265625 0.38984375 0.028125 0.0078125
0 0.1265625 0.54140625 0.028125 0.00625
0 0.19609375 0.63671875 0.028125 0.0078125
0 0.39765625 0.63671875 0.0265625 0.0078125
8 0.821875 0.63671875 0.065625 0.009375
8 0.7078125 0.78671875 0.00625 0.09375
8 0.64921875 0.19609375 0.0328125 0.0078125
8 0.20234375 0.38984375 0.034375 0.009375
1 0.5296875 0.6546875 0.034375 0.04375
1 0.578125 0.65546875 0.034375 0.0453125
1 0.6453125 0.59609375 0.0578125 0.0578125
1 0.63046875 0.51171875 0.034375 0.05
1 0.6265625 0.403125 0.0453125 0.04375
1 0.68828125 0.36328125 0.046875 0.0421875
1 0.58828125 0.3265625 0.0453125 0.0421875
1 0.5 0.53515625 0.034375 0.0453125
1 0.5484375 0.5359375 0.034375 0.0453125
5 0.45 0.6796875 0.078125 0.0078125
5 0.653125 0.68125 0.078125 0.0078125
6 0.18788265312500002 0.6327298046875 0.405102040625 0.63286908125 0.4049744890625 0.55793871875 0.24540816250000003 0.5582172703125 0.24566326562500002 0.5055710312499999 0.1875 0.5059888578125 0.18788265312500002 0.6327298046875