0 0.746875 0.77578125 0.03125 0.0203125
0 0.22890625 0.6625 0.03125 0.0109375
0 0.228125 0.33203125 0.0296875 0.0109375
8 0.75625 0.4890625 0.0109375 0.146875
8 0.75625 0.67734375 0.0109375 0.0890625
8 0.5671875 0.77578125 0.021875 0.01875
8 0.5390625 0.77578125 0.021875 0.01875
8 0.45625 0.65859375 0.0203125 0.0203125
8 0.35859375 0.66328125 0.01875 0.009375
8 0.2171875 0.575 0.009375 0.140625
8 0.21796875 0.42109375 0.009375 0.1375
8 0.3953125 0.15546875 0.028125 0.01875
8 0.4578125 0.15546875 0.0484375 0.01875
8 0.56640625 0.28828125 0.0796875 0.01875
1 0.5765625 0.66953125 0.0359375 0.04375
1 0.5421875 0.634375 0.0359375 0.0421875
1 0.6 0.61328125 0.034375 0.0484375
1 0.5 0.63515625 0.0375 0.0421875
6 0.44375 0.48984375 0.08125 0.1
1 0.39453125 0.22421875 0.040625 0.05625
1 0.5015625 0.246875 0.040625 0.0578125
0 0.7453125 0.28828125 0.034375 0.01875
8 0.6875 0.2875 0.08125 0.01875
1 0.42265625 0.5140625 0.040625 0.0578125