0 0.41796875 0.1546875 0.0234375 0.0109375
0 0.20546875 0.7578125 0.025 0.0125
0 0.80390625 0.7578125 0.0234375 0.0125
0 0.85234375 0.1546875 0.0203125 0.0109375
8 0.85703125 0.1875 0.009375 0.0453125
8 0.78671875 0.4359375 0.075 0.0125
8 0.74375 0.490625 0.009375 0.0984375
8 0.775 0.5484375 0.0515625 0.0171875
8 0.196875 0.63046875 0.009375 0.178125
8 0.4109375 0.25859375 0.009375 0.1078125
2 0.3078125 0.44609375 0.0234375 0.059375
6 0.51328125 0.69140625 0.196875 0.1234375
6 0.31875 0.1765625 0.121875 0.0328125
1 0.56796875 0.178125 0.0265625 0.0359375
1 0.70078125 0.1765625 0.0234375 0.0328125
1 0.5921875 0.3234375 0.0390625 0.0421875
1 0.71796875 0.41875 0.0421875 0.046875
1 0.65859375 0.34609375 0.0390625 0.0421875