2 0.37109375 0.13984375 0.09375 0.1625
1 0.52265625 0.68515625 0.0671875 0.084375
1 0.61171875 0.61328125 0.0890625 0.10625
0 0.11796875 0.24921875 0.015625 0.05625
0 0.140625 0.22890625 0.0296875 0.015625
0 0.33203125 0.24921875 0.015625 0.05625
0 0.3515625 0.05078125 0.053125 0.015625
0 0.8546875 0.07109375 0.015625 0.05625
0 0.8546875 0.54765625 0.015625 0.05625
0 0.8546875 0.8734375 0.015625 0.05625
0 0.83203125 0.89375 0.0296875 0.015625
0 0.56171875 0.8734375 0.015625 0.05625
0 0.396875 0.97421875 0.015625 0.0515625
0 0.11796875 0.97421875 0.015625 0.0515625
0 0.396875 0.58984375 0.015625 0.05625
8 0.61328125 0.05078125 0.2625 0.015625
8 0.8546875 0.309375 0.015625 0.2765625
8 0.8546875 0.73046875 0.015625 0.184375
8 0.7078125 0.89375 0.175 0.015625
8 0.48046875 0.89375 0.08125 0.015625
8 0.11796875 0.6125 0.015625 0.2765625