0 0.93203125 0.0484375 0.0171875 0.021875
0 0.15234375 0.903125 0.0296875 0.034375
0 0.92578125 0.903125 0.0296875 0.034375
0 0.92578125 0.51953125 0.0296875 0.0359375
0 0.1515625 0.55703125 0.0296875 0.034375
0 0.42265625 0.22265625 0.03125 0.0359375
8 0.92578125 0.684375 0.028125 0.028125
8 0.5484375 0.21484375 0.096875 0.015625
8 0.6671875 0.12734375 0.015625 0.028125
8 0.7984375 0.0453125 0.19375 0.015625
8 0.93125 0.2046875 0.015625 0.028125
8 0.93125 0.37421875 0.015625 0.028125
2 0.7734375 0.90390625 0.0921875 0.034375
2 0.509375 0.903125 0.096875 0.034375
2 0.16484375 0.83828125 0.0546875 0.059375
2 0.16484375 0.61796875 0.0546875 0.05625
2 0.58125 0.7015625 0.1203125 0.04375
2 0.4359375 0.33125 0.053125 0.05625
2 0.90078125 0.475 0.03125 0.053125
1 0.696875 0.70234375 0.0640625 0.04375
1 0.7484375 0.66171875 0.0390625 0.034375
1 0.678125 0.575 0.0390625 0.034375
1 0.4984375 0.5734375 0.0375 0.034375
1 0.45078125 0.51015625 0.04375 0.0375
1 0.6890625 0.36875 0.0421875 0.0375
1 0.7078125 0.32421875 0.0640625 0.04375
1 0.62578125 0.440625 0.065625 0.04375