0 0.92890625 0.84453125 0.015625 0.025
0 0.1046875 0.8515625 0.034375 0.009375
0 0.10625 0.16015625 0.0375 0.009375
0 0.92890625 0.16875 0.015625 0.0265625
8 0.92890625 0.7953125 0.015625 0.0296875
8 0.68984375 0.8515625 0.109375 0.009375
8 0.303125 0.8515625 0.109375 0.009375
8 0.09453125 0.73203125 0.015625 0.0703125
8 0.09453125 0.6015625 0.015625 0.0703125
8 0.09453125 0.4359375 0.015625 0.0703125
8 0.09453125 0.253125 0.015625 0.0703125
8 0.2546875 0.16015625 0.04375 0.009375
8 0.71484375 0.16015625 0.109375 0.009375
8 0.92890625 0.21640625 0.015625 0.0296875
8 0.86640625 0.5140625 0.015625 0.0703125
8 0.86640625 0.428125 0.015625 0.0296875
1 0.82265625 0.7421875 0.059375 0.040625
1 0.5171875 0.67734375 0.075 0.053125
1 0.5796875 0.49765625 0.053125 0.046875
1 0.69140625 0.43203125 0.04375 0.0375
1 0.5171875 0.35 0.075 0.053125
1 0.84140625 0.27109375 0.059375 0.040625
1 0.11328125 0.81015625 0.053125 0.0484375