0 0.16328125 0.0203125 0.00625 0.01875
0 0.171875 0.88203125 0.0234375 0.0125
0 0.80625 0.921875 0.00625 0.028125
0 0.5640625 0.0203125 0.00625 0.01875
8 0.16328125 0.1140625 0.00625 0.0875
8 0.16328125 0.29765625 0.00625 0.0875
8 0.16328125 0.465625 0.00625 0.0875
8 0.70390625 0.9328125 0.084375 0.00625
8 0.80625 0.64296875 0.00625 0.0875
8 0.609375 0.378125 0.0875 0.00625
8 0.72890625 0.378125 0.084375 0.0078125
5 0.5171875 0.27109375 0.084375 0.00625
8 0.5625 0.29921875 0.0078125 0.034375
8 0.53515625 0.01328125 0.034375 0.009375
5 0.3625 0.48671875 0.00625 0.08125
5 0.3625 0.2828125 0.00625 0.071875
1 0.3640625 0.03359375 0.040625 0.046875
1 0.40703125 0.0765625 0.03125 0.0375
1 0.51953125 0.078125 0.028125 0.0421875
1 0.48359375 0.17890625 0.03125 0.0390625
1 0.4359375 0.23203125 0.0421875 0.046875
1 0.38828125 0.35078125 0.0328125 0.04375
1 0.48359375 0.34765625 0.03125 0.04375
1 0.3875 0.4109375 0.03125 0.04375
1 0.4296875 0.48046875 0.046875 0.05
1 0.43125 0.52734375 0.04375 0.05
1 0.54921875 0.778125 0.0515625 0.05625