8 0.33984375 0.24296875 0.090625 0.021875
8 0.6078125 0.24296875 0.090625 0.021875
8 0.30859375 0.61015625 0.034375 0.0625
8 0.3109375 0.68984375 0.0328125 0.0625
8 0.4484375 0.80078125 0.09375 0.0234375
8 0.6796875 0.86875 0.090625 0.021875
1 0.7125 0.35 0.0859375 0.05
1 0.6515625 0.4296875 0.075 0.065625
1 0.26015625 0.46875 0.08125 0.0625
0 0.31640625 0.8 0.0484375 0.021875
0 0.2265625 0.24296875 0.065625 0.021875
0 0.8109375 0.24296875 0.0640625 0.021875
0 0.82734375 0.5546875 0.03125 0.04375
0 0.81171875 0.8671875 0.0640625 0.0203125