0 0.1078125 0.8453125 0.0109375 0.0375
0 0.125 0.8578125 0.02265625 0.0125
8 0.26015625 0.8578125 0.12890625 0.0125
8 0.7453125 0.7578125 0.12890625 0.0125
8 0.88515625 0.60703125 0.0109375 0.14765625
8 0.88515625 0.2125 0.0109375 0.08984375
0 0.88515625 0.1375 0.0109375 0.03828125
0 0.86875 0.125 0.021875 0.01328125
8 0.77734375 0.125 0.078125 0.0125
8 0.40859375 0.125 0.12890625 0.0125
8 0.215625 0.125 0.12890625 0.0125
8 0.1078125 0.2484375 0.0109375 0.14765625
8 0.1078125 0.46875 0.0109375 0.14765625
8 0.1078125 0.7046875 0.0109375 0.14765625
1 0.42421875 0.8078125 0.0890625 0.08984375
1 0.6390625 0.48984375 0.05859375 0.08046875
1 0.634375 0.16328125 0.06953125 0.06796875
1 0.6390625 0.33125 0.05859375 0.07890625
1 0.76640625 0.4171875 0.06875 0.06796875