0 0.7375 0.22109375 0.03203125 0.01796875
0 0.30390625 0.22109375 0.03203125 0.01796875
0 0.75234375 0.56875 0.03203125 0.021875
0 0.91640625 0.56875 0.03203125 0.021875
0 0.9171875 0.7609375 0.03359375 0.01875
0 0.74609375 0.85234375 0.03203125 0.0203125
0 0.56328125 0.85234375 0.03203125 0.01953125
0 0.4015625 0.90078125 0.03203125 0.01171875
0 0.1671875 0.90078125 0.03203125 0.01171875
0 0.1671875 0.63125 0.03203125 0.01171875
0 0.28828125 0.63125 0.03203125 0.0109375
8 0.565625 0.22109375 0.03203125 0.01796875
8 0.684375 0.22109375 0.03203125 0.01796875
8 0.74453125 0.4046875 0.0171875 0.0671875
8 0.6546875 0.85234375 0.0625 0.01953125
8 0.284375 0.90078125 0.17890625 0.01171875
8 0.15703125 0.7390625 0.0125 0.0296875
8 0.29609375 0.60703125 0.015625 0.028125
8 0.29609375 0.51796875 0.01640625 0.05390625
8 0.29609375 0.41328125 0.01640625 0.028125
8 0.29609375 0.296875 0.01640625 0.05234375
1 0.52109375 0.3 0.040625 0.05859375
1 0.55703125 0.375 0.03046875 0.034375
1 0.68828125 0.29921875 0.0390625 0.05859375
1 0.48671875 0.34921875 0.03125 0.0421875
1 0.52265625 0.465625 0.0421875 0.05859375
1 0.4859375 0.4296875 0.03125 0.0390625
1 0.4859375 0.4734375 0.03125 0.03984375
1 0.48671875 0.6640625 0.03125 0.03828125
1 0.440625 0.74140625 0.02734375 0.05390625
1 0.38828125 0.7140625 0.04296875 0.06484375
1 0.521875 0.7328125 0.0421875 0.07109375
1 0.74140625 0.79140625 0.0421875 0.03671875
2 0.91171875 0.675 0.04453125 0.06875
2 0.84453125 0.74375 0.0515625 0.05234375