0 0.15390625 0.03125 0.025 0.0078125
0 0.4578125 0.93671875 0.0171875 0.00625
0 0.81484375 0.76796875 0.00625 0.015625
0 0.8078125 0.03125 0.01875 0.0078125
8 0.44375 0.03125 0.059375 0.0078125
8 0.56328125 0.03125 0.059375 0.0078125
8 0.63984375 0.03125 0.025 0.0078125
8 0.81484375 0.36015625 0.00625 0.0375
8 0.81484375 0.634375 0.00625 0.090625
8 0.71015625 0.85234375 0.0046875 0.090625
8 0.64765625 0.93671875 0.059375 0.00625
8 0.4515625 0.825 0.0046875 0.090625
5 0.42578125 0.2640625 0.059375 0.00625
5 0.57578125 0.26328125 0.046875 0.00625
1 0.4828125 0.290625 0.03125 0.034375
1 0.52265625 0.29140625 0.0296875 0.0328125
1 0.61171875 0.3484375 0.034375 0.05
1 0.72734375 0.2953125 0.03125 0.04375
1 0.76171875 0.2765625 0.0296875 0.0328125
1 0.72734375 0.3546875 0.03125 0.04375
5 0.81484375 0.1484375 0.00625 0.0921875
1 0.46640625 0.40703125 0.034375 0.0375
1 0.55625 0.403125 0.0265625 0.0296875
1 0.3234375 0.4578125 0.03125 0.04375
1 0.3984375 0.3484375 0.034375 0.046875
1 0.40691520312499996 0.544717959375 0.3875483875 0.5716935484375 0.385612903125 0.574435484375 0.4098854375 0.603875121875 0.43146913906249995 0.570955028125 0.40691520312499996 0.544717959375
1 0.441610490625 0.5992805765625 0.4150121578125 0.62742420625 0.43720791875 0.6639126921875 0.46186328125 0.6302419421875001 0.441610490625 0.5992805765625
1 0.43761290312499995 0.6536290328125001 0.45870967812499996 0.6775 0.4787109671875 0.6466919359375 0.45632258124999997 0.62572580625 0.43761290312499995 0.6536290328125001
5 0.76484375 0.77265625 0.059375 0.00625
5 0.3734375 0.52890625 0.059375 0.0046875