0 0.2625 0.81640625 0.0125 0.028125
0 0.7265625 0.7703125 0.0125 0.028125
0 0.7265625 0.55390625 0.0125 0.028125
0 0.7265625 0.384375 0.0125 0.028125
0 0.72578125 0.09296875 0.0125 0.028125
0 0.2625 0.0921875 0.0125 0.028125
0 0.2625 0.384375 0.0125 0.028125
0 0.2625 0.55390625 0.0125 0.0296875
1 0.3 0.2921875 0.065625 0.046875
1 0.67734375 0.36015625 0.08125 0.059375
1 0.67734375 0.54453125 0.0796875 0.059375
1 0.453125 0.6796875 0.04375 0.040625
6 0.4 0.1765625 0.271875 0.1765625
6 0.5125 0.38828125 0.240625 0.1078125