0 0.83515625 0.8796875 0.015625 0.0484375
0 0.8375 0.11484375 0.0109375 0.046875
0 0.2421875 0.89296875 0.053125 0.021875
0 0.1765625 0.740625 0.053125 0.01875
0 0.1765625 0.4453125 0.053125 0.021875
0 0.6015625 0.09765625 0.053125 0.0140625
8 0.74296875 0.89296875 0.053125 0.0203125
8 0.55546875 0.89296875 0.0515625 0.021875
8 0.83515625 0.659375 0.015625 0.05
8 0.83515625 0.521875 0.015625 0.05625
8 0.709375 0.09765625 0.053125 0.0140625
8 0.58046875 0.24375 0.009375 0.234375
8 0.40546875 0.4453125 0.053125 0.021875
8 0.159375 0.54453125 0.01875 0.0953125
8 0.22578125 0.81171875 0.0171875 0.10625
1 0.72421875 0.68359375 0.046875 0.0390625
1 0.6796875 0.64453125 0.028125 0.03125
1 0.68203125 0.7234375 0.03125 0.0328125
1 0.615625 0.72265625 0.0296875 0.0328125
1 0.6140625 0.59609375 0.05 0.040625
1 0.57109375 0.58515625 0.03125 0.0328125
1 0.5125 0.5203125 0.0421875 0.059375
1 0.6140625 0.40859375 0.03125 0.040625
1 0.45390625 0.684375 0.0484375 0.0390625
1 0.4546875 0.596875 0.05 0.040625
1 0.35625 0.59921875 0.05 0.040625
2 0.35546875 0.8828125 0.0484375 0.0421875
2 0.25078125 0.45546875 0.046875 0.0421875