0 0.9078125 0.1296875 0.009375 0.0296875
0 0.89296875 0.11953125 0.0203125 0.009375
0 0.153125 0.86640625 0.009375 0.0296875
0 0.16875 0.87734375 0.021875 0.009375
8 0.9078125 0.16171875 0.009375 0.034375
8 0.9078125 0.4609375 0.009375 0.046875
8 0.77890625 0.72109375 0.05 0.009375
8 0.715625 0.72109375 0.05 0.009375
8 0.5078125 0.87734375 0.05 0.009375
8 0.29765625 0.87734375 0.05 0.009375
8 0.2359375 0.87734375 0.05 0.009375
8 0.153125 0.6125 0.009375 0.0875
8 0.153125 0.453125 0.009375 0.0875
8 0.3234375 0.1203125 0.1375 0.009375
5 0.58359375 0.19296875 0.1125 0.009375
1 0.71484375 0.22109375 0.0578125 0.065625
8 0.8296875 0.11953125 0.10625 0.009375
1 0.721875 0.3171875 0.05625 0.05
1 0.5828125 0.284375 0.059375 0.065625
1 0.7390625 0.47890625 0.046875 0.0375
1 0.5984375 0.48125 0.05 0.04375
1 0.60234375 0.53515625 0.05625 0.05
1 0.45390625 0.3515625 0.075 0.075
5 0.63046875 0.65234375 0.009375 0.13125
1 0.54140625 0.7390625 0.040625 0.0453125
1 0.19140625 0.72421875 0.0703125 0.065625
5 0.43828125 0.58125 0.009375 0.1
6 0.32109375 0.45390625 0.328125 0.1296875