0 0.09609375 0.13359375 0.0453125 0.0109375
0 0.096875 0.42421875 0.04375 0.0109375
0 0.096875 0.86796875 0.0453125 0.015625
0 0.3578125 0.86796875 0.04375 0.0140625
8 0.215625 0.86796875 0.128125 0.0140625
0 0.72421875 0.8 0.028125 0.0125
0 0.73125 0.7859375 0.015625 0.0171875
0 0.94375 0.69453125 0.015625 0.0421875
0 0.9296875 0.134375 0.04375 0.0109375
8 0.0828125 0.29375 0.0171875 0.1109375
8 0.146875 0.515625 0.0171875 0.1046875
8 0.5734375 0.8015625 0.128125 0.0140625
8 0.94375 0.56953125 0.015625 0.1046875
8 0.94375 0.39765625 0.015625 0.04375
8 0.94375 0.24453125 0.015625 0.1109375
8 0.5203125 0.134375 0.1421875 0.0109375
1 0.1734375 0.62578125 0.0703125 0.05625
1 0.34296875 0.69453125 0.0734375 0.059375
1 0.3421875 0.4578125 0.0734375 0.059375
1 0.34296875 0.37890625 0.0734375 0.059375
1 0.61484375 0.3140625 0.065625 0.071875
1 0.69296875 0.3140625 0.0640625 0.071875
1 0.803125 0.42421875 0.0578125 0.0453125
1 0.90390625 0.6796875 0.0640625 0.071875