0 0.784375 0.15234375 0.0125 0.0375
0 0.78203125 0.49453125 0.01875 0.03125
0 0.78515625 0.9046875 0.0125 0.0421875
0 0.459375 0.91015625 0.0171875 0.03125
0 0.128125 0.75078125 0.0125 0.0359375
0 0.12890625 0.48984375 0.0125 0.0421875
0 0.1390625 0.140625 0.034375 0.015625
0 0.45859375 0.140625 0.034375 0.015625
0 0.45859375 0.49453125 0.01875 0.03125
8 0.24921875 0.14140625 0.1265625 0.015625
8 0.62109375 0.140625 0.1265625 0.015625
8 0.78515625 0.2625 0.0125 0.1
8 0.78515625 0.44453125 0.0125 0.0671875
8 0.78515625 0.60546875 0.0125 0.1
8 0.78515625 0.81640625 0.0125 0.121875
8 0.61953125 0.91796875 0.1265625 0.015625
8 0.25 0.76171875 0.1265625 0.015625
8 0.12890625 0.6125 0.0125 0.134375
8 0.128125 0.35390625 0.0125 0.134375
1 0.4921875 0.346875 0.059375 0.0875
1 0.56640625 0.67421875 0.0625 0.0703125
1 0.49375 0.7515625 0.059375 0.0875
2 0.41328125 0.73828125 0.078125 0.0625