1 0.5203125 0.73828125 0.04375 0.06875
1 0.45390625 0.746875 0.0578125 0.084375
1 0.365625 0.459375 0.0734375 0.06875
1 0.45390625 0.384375 0.0578125 0.084375
1 0.52734375 0.384375 0.0578125 0.084375
0 0.1453125 0.95390625 0.0296875 0.01875
0 0.13828125 0.9390625 0.015625 0.0109375
0 0.1453125 0.71328125 0.0296875 0.01875
0 0.1453125 0.4171875 0.0296875 0.01875
0 0.1453125 0.05234375 0.0296875 0.01875
0 0.4984375 0.05234375 0.028125 0.01875
0 0.8796875 0.05234375 0.0296875 0.01875
0 0.88671875 0.06640625 0.015625 0.0109375
0 0.8796875 0.4171875 0.0296875 0.01875
0 0.8796875 0.95390625 0.0296875 0.0171875
0 0.4984375 0.95390625 0.028125 0.01875
0 0.490625 0.721875 0.015625 0.034375
0 0.490625 0.409375 0.015625 0.034375
8 0.31484375 0.05234375 0.146875 0.01875
8 0.13828125 0.23515625 0.015625 0.16875
8 0.13828125 0.565625 0.015625 0.16875
8 0.13828125 0.83359375 0.015625 0.16875
8 0.36328125 0.95390625 0.146875 0.01875
8 0.88671875 0.80546875 0.015625 0.16875
8 0.88671875 0.565625 0.015625 0.16875
8 0.88671875 0.23515625 0.015625 0.16875
8 0.6890625 0.05234375 0.146875 0.01875
8 0.57265625 0.95390625 0.04375 0.01875
8 0.79921875 0.95390625 0.13125 0.01875