8 0.11484375 0.31015625 0.00625 0.0421875
8 0.11484375 0.38203125 0.00625 0.04375
0 0.11640625 0.25 0.009375 0.009375
8 0.11484375 0.51484375 0.00625 0.0421875
8 0.11484375 0.5796875 0.00625 0.0421875
8 0.11484375 0.76484375 0.00625 0.0421875
8 0.11484375 0.8421875 0.00625 0.0421875
8 0.39375 0.8984375 0.0375 0.009375
8 0.5609375 0.8984375 0.0359375 0.009375
8 0.90625 0.83515625 0.00625 0.0421875
8 0.90625 0.765625 0.00625 0.0421875
8 0.90625 0.65234375 0.00625 0.0421875
8 0.90625 0.57578125 0.00625 0.0421875
8 0.90625 0.3984375 0.00625 0.040625
8 0.90625 0.25 0.00625 0.04375
8 0.90625 0.15390625 0.00625 0.0421875
8 0.8359375 0.07421875 0.0578125 0.0078125
8 0.70078125 0.07421875 0.05625 0.0078125
8 0.6046875 0.1671875 0.0078125 0.0671875
8 0.46171875 0.25 0.0375 0.009375
8 0.50390625 0.24921875 0.0375 0.0078125
8 0.18046875 0.25 0.0375 0.009375
8 0.26015625 0.25 0.0375 0.009375
1 0.27734375 0.4140625 0.0390625 0.053125
1 0.5875 0.2984375 0.0421875 0.0390625
1 0.6359375 0.415625 0.0359375 0.0484375
1 0.8125 0.4890625 0.0390625 0.040625
1 0.81015625 0.5640625 0.034375 0.0453125
1 0.73046875 0.68203125 0.034375 0.046875
1 0.78671875 0.6828125 0.0359375 0.046875
1 0.63984375 0.728125 0.0390625 0.0390625
1 0.14453125 0.52578125 0.034375 0.046875
1 0.21953125 0.5734375 0.040625 0.0390625
1 0.328125 0.51953125 0.040625 0.0390625
1 0.28515625 0.66328125 0.0390625 0.053125
5 0.1765625 0.6828125 0.0640625 0.0078125
6 0.32134969375 0.6300423125 0.3214723921875 0.8940761640625 0.6196417171874999 0.894078984375 0.619509203125 0.830888575 0.4084662578125 0.830888575 0.408586503125 0.6301889984375 0.32134969375 0.6300423125