0 0.0703125 0.14765625 0.0140625 0.0046875
0 0.4609375 0.14765625 0.015625 0.0046875
0 0.0703125 0.403125 0.015625 0.0046875
0 0.4609375 0.403125 0.015625 0.0046875
0 0.87109375 0.25390625 0.009375 0.0125
0 0.86953125 0.45078125 0.0078125 0.0125
0 0.86953125 0.6296875 0.0078125 0.0125
0 0.86953125 0.78203125 0.0078125 0.0125
0 0.55546875 0.78515625 0.015625 0.00625
0 0.54921875 0.853125 0.0078125 0.0125
0 0.64140625 0.62578125 0.015625 0.003125
0 0.54609375 0.625 0.015625 0.00625
0 0.465625 0.70078125 0.00625 0.0125
0 0.4265625 0.7078125 0.0078125 0.0125
0 0.42578125 0.853125 0.0078125 0.0125
8 0.0671875 0.27578125 0.009375 0.065625
8 0.590625 0.25078125 0.0515625 0.009375
8 0.72578125 0.25078125 0.1265625 0.009375
8 0.8703125 0.5484375 0.009375 0.06875
8 0.8703125 0.70703125 0.009375 0.0796875
8 0.71484375 0.78515625 0.125 0.0078125
8 0.425 0.8203125 0.0078125 0.0359375
8 0.465625 0.62421875 0.00625 0.034375
1 0.45 0.17109375 0.0390625 0.0359375
1 0.44921875 0.3796875 0.040625 0.0359375
1 0.52890625 0.46875 0.034375 0.03125
1 0.53046875 0.26953125 0.0640625 0.04375
1 0.47890625 0.7453125 0.034375 0.03125
1 0.51640625 0.8 0.053125 0.0375
1 0.596875 0.7671875 0.065625 0.04375
6 0.503125 0.6125 0.0765625 0.19375