0 0.396875 0.1 0.0265625 0.034375
0 0.6046875 0.09921875 0.028125 0.034375
0 0.39375 0.32265625 0.01796875 0.0484375
0 0.60546875 0.5609375 0.0296875 0.03828125
1 0.56015625 0.7609375 0.0375 0.009375
8 0.61015625 0.67265625 0.0125 0.2015625
1 0.5640625 0.628125 0.00703125 0.0453125
1 0.50078125 0.5984375 0.0359375 0.00703125
1 0.45234375 0.428125 0.0390625 0.00703125
1 0.4765625 0.3046875 0.00625 0.04921875
1 0.50234375 0.271875 0.03671875 0.0078125
8 0.6125 0.190625 0.01015625 0.16015625
8 0.6125 0.409375 0.01015625 0.27421875
1 0.46796875 0.1578125 0.0078125 0.0484375