0 0.43984375 0.3046875 0.0484375 0.0484375
0 0.85625 0.2953125 0.04921875 0.0453125
0 0.8546875 0.61328125 0.0515625 0.0453125
0 0.43984375 0.60859375 0.0546875 0.04609375
0 0.43984375 0.7921875 0.05 0.04140625
0 0.85546875 0.8015625 0.053125 0.03984375
8 0.709375 0.2109375 0.02265625 0.09765625
8 0.709375 0.3640625 0.02109375 0.09609375
8 0.7265625 0.55078125 0.02109375 0.09609375
8 0.7109375 0.7234375 0.0234375 0.1015625
8 0.271875 0.5265625 0.03828125 0.01484375
8 0.24140625 0.45 0.015625 0.0921875
8 0.45625 0.4125 0.01484375 0.03515625
8 0.30625 0.33203125 0.05703125 0.01328125
1 0.30625 0.153125 0.02109375 0.05546875
1 0.45625 0.25234375 0.01328125 0.04765625
1 0.5671875 0.3734375 0.01640625 0.04375
1 0.36953125 0.33203125 0.0578125 0.01171875
1 0.3203125 0.615625 0.05390625 0.015625
1 0.671875 0.49921875 0.05625 0.0109375
1 0.6046875 0.43828125 0.05234375 0.00859375
4 0.38984375 0.6703125 0.0125 0.0515625
4 0.45625 0.1609375 0.0125 0.0484375