0 0.98046875 0.790625 0.0375 0.028125
0 0.65390625 0.78984375 0.046875 0.028125
0 0.86171875 0.225 0.046875 0.0296875
0 0.6546875 0.225 0.0453125 0.028125
0 0.28828125 0.10546875 0.046875 0.0265625
1 0.709375 0.6859375 0.05625 0.0875
1 0.8875 0.53203125 0.08125 0.0984375
1 0.43125 0.3625 0.0375 0.0515625
1 0.41484375 0.296875 0.0578125 0.075
8 0.78125 0.22421875 0.084375 0.03125
8 0.275 0.33125 0.028125 0.103125
8 0.8765625 0.32578125 0.025 0.1125
8 0.9921875 0.6984375 0.015625 0.1046875
8 0.54321276875 0.1965398625 0.554634171875 0.1744556 0.49524901093749996 0.11919475312500001 0.48269604375 0.1413420859375 0.54321276875 0.1965398625