0 0.54765625 0.20703125 0.0203125 0.1796875
0 0.690625 0.23203125 0.0265625 0.134375
0 0.5953125 0.471875 0.06328125 0.23984375
0 0.3015625 0.30078125 0.02109375 0.1828125
0 0.11171875 0.4609375 0.04296875 0.50390625
0 0.921875 0.5765625 0.08984375 0.02890625
0 0.953125 0.4921875 0.021875 0.43046875
1 0.7953125 0.290625 0.0453125 0.01640625
1 0.684375 0.3234375 0.009375 0.06796875
1 0.65390625 0.36328125 0.0515625 0.0109375
1 0.546875 0.3625 0.0515625 0.01171875
1 0.54609375 0.5796875 0.05 0.01796875
1 0.30234375 0.421875 0.01953125 0.065625
1 0.234375 0.45625 0.009375 0.05625
1 0.190625 0.2546875 0.01171875 0.0578125
1 0.26328125 0.2171875 0.05 0.01484375
1 0.13203125 0.1734375 0.0140625 0.0796875
5 0.20625 0.7078125 0.09921875 0.015625
5 0.4 0.5796875 0.0953125 0.01484375
5 0.7359375 0.58125 0.09140625 0.0140625
5 0.83515625 0.58203125 0.09765625 0.01875
7 0.18828125 0.35 0.01328125 0.053125
7 0.596875 0.61953125 0.03671875 0.0109375