0 0.51796875 0.11953125 0.021875 0.0078125
0 0.196875 0.11953125 0.021875 0.009375
0 0.04609375 0.278125 0.021875 0.009375
0 0.20390625 0.278125 0.021875 0.009375
0 0.51796875 0.278125 0.021875 0.009375
0 0.521875 0.49765625 0.015625 0.0234375
0 0.521875 0.67109375 0.015625 0.0234375
0 0.20390625 0.490625 0.021875 0.009375
0 0.52109375 0.8921875 0.015625 0.0234375
0 0.84375 0.85078125 0.015625 0.0234375
0 0.98984375 0.84453125 0.01875 0.009375
0 0.99453125 0.675 0.0109375 0.01875
0 0.98984375 0.5328125 0.01875 0.009375
0 0.753125 0.67421875 0.0125 0.01875
0 0.753125 0.4953125 0.0125 0.0171875
8 0.57578125 0.11953125 0.090625 0.0109375
8 0.36015625 0.11640625 0.046875 0.015625
8 0.14453125 0.09609375 0.071875 0.0078125
8 0.05078125 0.09609375 0.071875 0.00625
8 0.00625 0.12421875 0.0109375 0.0421875
8 0.00625 0.18671875 0.009375 0.04375
8 0.07734375 0.278125 0.0375 0.0125
8 0.15078125 0.278125 0.0375 0.0125
8 0.2 0.30859375 0.0171875 0.034375
8 0.2 0.359375 0.0171875 0.034375
8 0.2 0.41015625 0.0171875 0.034375
8 0.2 0.46015625 0.0171875 0.034375
8 0.26796875 0.49140625 0.053125 0.0125
8 0.3609375 0.490625 0.0546875 0.0125
8 0.453125 0.490625 0.0546875 0.0125
8 0.27109375 0.278125 0.05 0.0125
8 0.521875 0.315625 0.0171875 0.040625
8 0.52109375 0.384375 0.0171875 0.06875
8 0.521875 0.45390625 0.015625 0.040625
8 0.521875 0.55546875 0.0171875 0.034375
8 0.521875 0.603125 0.0171875 0.034375
8 0.52109375 0.7375 0.0171875 0.034375
8 0.4484375 0.76484375 0.090625 0.009375
8 0.4484375 0.89921875 0.0890625 0.0109375
8 0.7203125 0.71796875 0.05625 0.0140625
8 0.6328125 0.31171875 0.0203125 0.03125
8 0.6328125 0.45546875 0.0171875 0.03125
8 0.69375 0.49140625 0.053125 0.0125
8 0.85859375 0.5328125 0.046875 0.0125
8 0.95078125 0.5328125 0.0453125 0.0125
8 0.99453125 0.58125 0.0109375 0.075
8 0.99453125 0.71015625 0.0109375 0.0375
8 0.92578125 0.84375 0.046875 0.0125
1 0.78984375 0.890625 0.0609375 0.040625
1 0.69765625 0.890625 0.0609375 0.0421875
1 0.60390625 0.890625 0.05625 0.040625
1 0.8734375 0.72578125 0.04375 0.0296875
6 0.69140625 0.5875 0.11875 0.1875
1 0.62109375 0.4015625 0.04375 0.0359375
1 0.62109375 0.36640625 0.04375 0.0328125
2 0.578125 0.71484375 0.090625 0.034375