0 0.15625 0.2546875 0.015625 0.040625
0 0.15625 0.42109375 0.0140625 0.0296875
0 0.15625 0.72578125 0.0140625 0.040625
0 0.21953125 0.42109375 0.015625 0.0296875
0 0.2265625 0.559375 0.0109375 0.01875
0 0.3703125 0.70625 0.0296875 0.015625
0 0.615625 0.70625 0.0296875 0.015625
0 0.73515625 0.68359375 0.015625 0.034375
0 0.7875 0.68359375 0.0140625 0.034375
0 0.78203125 0.53359375 0.025 0.0171875
0 0.36875 0.45390625 0.0296875 0.0171875
0 0.615625 0.45390625 0.0296875 0.0171875
0 0.7828125 0.40078125 0.0140625 0.0296875
0 0.63046875 0.20078125 0.015625 0.034375
0 0.78984375 0.20078125 0.015625 0.034375
1 0.2078125 0.6 0.0375 0.0359375
1 0.340625 0.56015625 0.0265625 0.040625
1 0.746875 0.55859375 0.0390625 0.0375
1 0.7109375 0.49765625 0.0484375 0.0484375
1 0.66796875 0.39140625 0.0359375 0.046875
1 0.8015625 0.240625 0.0390625 0.0359375
1 0.34140625 0.42890625 0.0265625 0.040625
1 0.2078125 0.3859375 0.0375 0.0421875
8 0.29140625 0.8015625 0.08125 0.009375
8 0.44140625 0.70234375 0.0765625 0.0078125
8 0.54453125 0.70234375 0.0765625 0.0078125
8 0.67890625 0.72578125 0.0703125 0.0078125
8 0.7609375 0.67265625 0.0390625 0.0046875
8 0.71796875 0.21875 0.0765625 0.009375
8 0.29140625 0.21796875 0.09375 0.0109375
8 0.6265625 0.43046875 0.0078125 0.0296875