5 0.7203125 0.259375 0.15 0.0109375
5 0.4984375 0.30546875 0.13046875 0.0109375
5 0.2640625 0.31875 0.16640625 0.0109375
7 0.89453125 0.2859375 0.0421875 0.01015625
7 0.5859375 0.6234375 0.04375 0.0109375
7 0.5015625 0.64296875 0.01171875 0.02890625
8 0.9390625 0.575 0.01484375 0.11953125
8 0.5015625 0.7375 0.01328125 0.07578125
1 0.20234375 0.796875 0.071875 0.0140625
1 0.4734375 0.54375 0.04921875 0.00703125
1 0.67109375 0.56484375 0.009375 0.0390625
1 0.67109375 0.51484375 0.009375 0.0453125
1 0.56640625 0.48984375 0.05625 0.0078125
1 0.6359375 0.490625 0.05703125 0.00703125
1 0.865625 0.41171875 0.04765625 0.00703125
0 0.39453125 0.396875 0.021875 0.1953125
0 0.60078125 0.37421875 0.01875 0.23984375
0 0.8453125 0.25625 0.0203125 0.06796875
0 0.93984375 0.35859375 0.015625 0.2734375
0 0.8046875 0.6609375 0.28359375 0.0109375
0 0.4515625 0.6640625 0.11171875 0.01796875
0 0.5 0.7828125 0.01484375 0.0203125
0 0.3703125 0.79765625 0.27421875 0.01484375