0 0.884375 0.06796875 0.0109375 0.046875
0 0.58359375 0.06875 0.0109375 0.046875
0 0.1234375 0.06875 0.015625 0.046875
0 0.1234375 0.33984375 0.015625 0.04375
8 0.1234375 0.19296875 0.015625 0.1328125
0 0.19375 0.72109375 0.0125 0.0296875
0 0.20859375 0.728125 0.01875 0.015625
0 0.303125 0.94921875 0.04375 0.015625
0 0.884375 0.934375 0.0109375 0.04375
8 0.71875 0.05390625 0.115625 0.015625
8 0.48828125 0.1203125 0.10625 0.015625
8 0.1921875 0.5640625 0.015625 0.1328125
8 0.4328125 0.94921875 0.1078125 0.015625
8 0.6109375 0.94921875 0.04375 0.015625
8 0.76953125 0.94921875 0.115625 0.015625
8 0.884375 0.509375 0.0109375 0.146875
1 0.375 0.1484375 0.059375 0.071875
1 0.303125 0.32421875 0.0609375 0.075
1 0.5484375 0.32421875 0.0609375 0.0765625
1 0.63046875 0.32421875 0.0625 0.0765625
1 0.69765625 0.6078125 0.075 0.06875
1 0.69765625 0.6890625 0.075 0.065625
1 0.58359375 0.803125 0.046875 0.059375
1 0.31875 0.9078125 0.075 0.0671875