8 0.2671875 0.1546875 0.09765625 0.009375
8 0.49921875 0.1546875 0.1 0.009375
5 0.6203125 0.24609375 0.00859375 0.09296875
5 0.7640625 0.31875 0.11640625 0.00703125
8 0.903125 0.396875 0.009375 0.0765625
8 0.903125 0.6640625 0.01015625 0.0390625
8 0.8421875 0.690625 0.096875 0.0078125
1 0.7046875 0.75078125 0.05859375 0.00625
8 0.5796875 0.7515625 0.05078125 0.00859375
3 0.3484375 0.809375 0.30703125 0.0078125
1 0.159375 0.52578125 0.01015625 0.040625
1 0.503125 0.50078125 0.05078125 0.00703125
1 0.575 0.50078125 0.05 0.01015625
1 0.5078125 0.43671875 0.05078125 0.00703125
6 0.59296875 0.62578125 0.1046875 0.24921875
1 0.4578125 0.46875 0.01171875 0.03828125
0 0.88515625 0.16796875 0.040625 0.03359375
0 0.6296875 0.80546875 0.04921875 0.01796875
0 0.75625 0.80546875 0.04140625 0.01796875
0 0.8828125 0.7953125 0.04765625 0.0390625