0 0.79921875 0.14453125 0.059375 0.0140625
0 0.8 0.3609375 0.059375 0.0140625
0 0.46796875 0.14453125 0.0609375 0.0140625
0 0.16953125 0.1078125 0.015625 0.05625
0 0.1703125 0.4625 0.015625 0.05625
0 0.1703125 0.8375 0.0140625 0.05625
0 0.46171875 0.7 0.059375 0.0125
0 0.8015625 0.61953125 0.059375 0.0140625
1 0.696875 0.421875 0.0734375 0.05625
1 0.46328125 0.6703125 0.0625 0.046875
1 0.634375 0.64296875 0.05 0.059375
1 0.403125 0.83125 0.059375 0.06875
1 0.60078125 0.83046875 0.0625 0.046875
1 0.8015625 0.83046875 0.0625 0.046875
2 0.50390625 0.878125 0.0796875 0.05
0 0.88125 0.83828125 0.0140625 0.05625