0 0.88515625 0.85703125 0.034375 0.01875
0 0.29140625 0.85546875 0.034375 0.01875
0 0.275 0.453125 0.034375 0.015625
0 0.0765625 0.453125 0.034375 0.015625
0 0.0765625 0.1515625 0.034375 0.021875
0 0.29296875 0.1515625 0.034375 0.021875
0 0.48984375 0.2453125 0.034375 0.01875
0 0.89609375 0.3453125 0.0125 0.0421875
8 0.89296875 0.78203125 0.01875 0.065625
8 0.89296875 0.6484375 0.01875 0.065625
8 0.89609375 0.4546875 0.0125 0.0421875
8 0.81171875 0.33046875 0.1265625 0.0140625
8 0.64453125 0.38203125 0.065625 0.01875
8 0.58671875 0.85625 0.0359375 0.01875
8 0.396875 0.2453125 0.1390625 0.01875
8 0.18515625 0.1515625 0.1375 0.0234375
1 0.58671875 0.78359375 0.040625 0.05625
1 0.4875 0.734375 0.0375 0.0390625
1 0.484375 0.6609375 0.04375 0.0421875
1 0.484375 0.52734375 0.0453125 0.0421875
1 0.4828125 0.42890625 0.046875 0.046875
1 0.5375 0.40703125 0.0421875 0.06875
1 0.5828125 0.4234375 0.03125 0.0359375
1 0.73984375 0.52734375 0.04375 0.0375
1 0.68203125 0.69375 0.03125 0.0390625
1 0.68203125 0.734375 0.03125 0.0390625
2 0.296875 0.78203125 0.04375 0.06875
2 0.296875 0.6484375 0.0453125 0.06875
2 0.296875 0.51328125 0.04375 0.06875