1 0.215625 0.6484375 0.078125 0.0546875
1 0.6 0.603125 0.075 0.0546875
1 0.80234375 0.39296875 0.075 0.0515625
1 0.834375 0.2421875 0.084375 0.046875
1 0.8015625 0.165625 0.078125 0.0515625
1 0.35 0.2421875 0.0890625 0.046875
8 0.36875 0.91796875 0.14375 0.009375
8 0.92734375 0.52109375 0.009375 0.0765625
8 0.928125 0.35703125 0.009375 0.078125
8 0.928125 0.16328125 0.009375 0.03125
8 0.31171875 0.1296875 0.015625 0.090625
8 0.31171875 0.35625 0.015625 0.0765625
8 0.31171875 0.5203125 0.0140625 0.0890625
0 0.07578125 0.90625 0.01875 0.0328125
0 0.0765625 0.63828125 0.0171875 0.0328125
0 0.6609375 0.90703125 0.01875 0.034375
0 0.9234375 0.61328125 0.015625 0.03125
0 0.7515625 0.04765625 0.01875 0.0328125
0 0.3140625 0.046875 0.015625 0.034375