0 0.6921875 0.828125 0.01875 0.0375
0 0.18671875 0.82578125 0.01875 0.040625
0 0.06953125 0.17109375 0.05625 0.015625
0 0.90078125 0.1890625 0.01875 0.0515625
8 0.3125 0.8375 0.165625 0.0171875
8 0.18671875 0.68203125 0.01875 0.16875
8 0.05078125 0.3046875 0.01875 0.125
8 0.3890625 0.171875 0.128125 0.015625
8 0.640625 0.171875 0.084375 0.015625
8 0.90078125 0.29609375 0.01875 0.053125
8 0.6921875 0.503125 0.01875 0.084375
8 0.6921875 0.72578125 0.01875 0.125
1 0.8609375 0.42421875 0.053125 0.04375
1 0.66796875 0.571875 0.059375 0.053125
1 0.61640625 0.628125 0.053125 0.0375
1 0.46328125 0.42734375 0.053125 0.0375
1 0.21796875 0.4984375 0.08125 0.075
1 0.23125 0.42109375 0.071875 0.05