1 0.2609375 0.26015625 0.05625 0.0515625
1 0.27421875 0.53984375 0.075 0.059375
1 0.35859375 0.53828125 0.075 0.05625
5 0.56484375 0.7046875 0.0125 0.1109375
8 0.68984375 0.175 0.0515625 0.009375
8 0.4671875 0.175 0.05 0.009375
8 0.26953125 0.175 0.0515625 0.009375
8 0.14921875 0.175 0.0515625 0.009375
8 0.06875 0.3515625 0.009375 0.0421875
8 0.06875 0.68828125 0.009375 0.04375
8 0.19296875 0.82265625 0.05 0.009375
8 0.4203125 0.82265625 0.05 0.009375
8 0.66953125 0.6046875 0.0828125 0.009375
0 0.85234375 0.175 0.028125 0.0109375
0 0.86015625 0.1859375 0.009375 0.0125