8 0.2828125 0.0953125 0.0921875 0.0171875
0 0.3875 0.14375 0.021875 0.01953125
0 0.53671875 0.1421875 0.021875 0.01796875
0 0.61328125 0.14375 0.021875 0.01796875
0 0.7734375 0.14296875 0.02265625 0.0171875
0 0.77265625 0.3390625 0.0234375 0.01875
0 0.615625 0.3390625 0.02421875 0.01875
1 0.64375 0.3484375 0.040625 0.01015625
1 0.68671875 0.4 0.0359375 0.00703125
1 0.66875 0.4796875 0.0078125 0.05078125
5 0.75703125 0.5515625 0.07734375 0.00859375
8 0.60625 0.55546875 0.0078125 0.059375
1 0.57421875 0.61875 0.00625 0.05859375
0 0.56875 0.74375 0.0140625 0.02578125
8 0.61015625 0.8265625 0.0640625 0.01015625
8 0.725 0.78828125 0.078125 0.01875
8 0.5109375 0.82265625 0.0921875 0.0203125
7 0.41953125 0.7921875 0.0328125 0.01171875
0 0.38515625 0.7453125 0.01484375 0.02734375
0 0.453125 0.7453125 0.0140625 0.0265625
1 0.43359375 0.6609375 0.03671875 0.01015625
0 0.453125 0.59765625 0.0140625 0.034375
0 0.38203125 0.5921875 0.02421875 0.01953125
1 0.38359375 0.628125 0.00703125 0.05703125
0 0.21796875 0.59296875 0.02265625 0.01875
8 0.2140625 0.65859375 0.0171875 0.096875
5 0.353125 0.721875 0.00859375 0.1
8 0.3234375 0.7921875 0.0421875 0.0125
8 0.23984375 0.7890625 0.0421875 0.0171875
0 0.2140625 0.7453125 0.01484375 0.02734375
0 0.2140625 0.4046875 0.0140625 0.02578125
7 0.2140625 0.365625 0.01484375 0.03984375
0 0.21875 0.3390625 0.021875 0.0171875
1 0.30625 0.3359375 0.0390625 0.009375
1 0.35 0.4125 0.0390625 0.0078125
0 0.3875 0.3390625 0.0203125 0.01796875
0 0.384375 0.409375 0.028125 0.01796875
8 0.3921875 0.375 0.01640625 0.040625
5 0.2296875 0.290625 0.078125 0.009375
8 0.175 0.22890625 0.01640625 0.096875
0 0.6140625 0.503125 0.0234375 0.01796875
8 0.81015625 0.5921875 0.009375 0.0609375
0 0.7734375 0.50234375 0.02265625 0.0171875
7 0.81015625 0.42109375 0.009375 0.0796875
6 0.30859375 0.5015625 0.1796875 0.17265625