0 0.72734375 0.32109375 0.0328125 0.0890625
0 0.26328125 0.30546875 0.0375 0.06015625
0 0.709375 0.571875 0.06953125 0.05078125
1 0.4140625 0.415625 0.03828125 0.0078125
1 0.52890625 0.4171875 0.0421875 0.00859375
1 0.46484375 0.4421875 0.0078125 0.03984375
1 0.68515625 0.3375 0.059375 0.0109375
1 0.7171875 0.41875 0.01015625 0.0421875
8 0.80625 0.284375 0.096875 0.01328125
8 0.5328125 0.3171875 0.034375 0.0078125
8 0.40859375 0.3171875 0.0359375 0.0078125
8 0.490625 0.5984375 0.03828125 0.00859375
8 0.446875 0.5984375 0.03828125 0.009375
8 0.61875 0.5734375 0.11796875 0.0125
8 0.80703125 0.55625 0.1328125 0.01171875
8 0.34375 0.58125 0.15703125 0.01328125
4 0.490625 0.46171875 0.05078125 0.00859375