0 0.11875 0.26015625 0.021875 0.065625
0 0.11796875 0.6171875 0.021875 0.0671875
0 0.4171875 0.93046875 0.025 0.065625
0 0.5703125 0.74921875 0.021875 0.065625
0 0.4171875 0.45625 0.025 0.0671875
0 0.57265625 0.20234375 0.03125 0.0671875
0 0.7953125 0.20234375 0.03125 0.065625
0 0.79453125 0.775 0.03125 0.0671875
8 0.2078125 0.6359375 0.05 0.025
8 0.41796875 0.83984375 0.025 0.078125
8 0.4921875 0.94609375 0.071875 0.034375
8 0.7953125 0.6484375 0.0328125 0.0734375
1 0.37734375 0.5125 0.065625 0.075
1 0.38046875 0.5875 0.06875 0.071875
1 0.54296875 0.6375 0.0546875 0.0640625
1 0.5296875 0.8421875 0.078125 0.08125
1 0.49375 0.4421875 0.053125 0.05
1 0.54375 0.3796875 0.046875 0.0609375
2 0.759375 0.3375 0.065625 0.0984375
2 0.684375 0.76015625 0.084375 0.0625