0 0.8125 0.76328125 0.025 0.03125
0 0.1625 0.753125 0.0234375 0.0515625
0 0.1125 0.2578125 0.025 0.053125
0 0.86875 0.3328125 0.015625 0.0328125
8 0.71796875 0.32109375 0.1640625 0.009375
8 0.73671875 0.771875 0.10625 0.0140625
8 0.23828125 0.771875 0.10625 0.0140625
8 0.1625 0.628125 0.021875 0.05
8 0.1125 0.49296875 0.0234375 0.05
8 0.1125 0.415625 0.0234375 0.0296875
8 0.3703125 0.23828125 0.0875 0.0140625
8 0.4828125 0.278125 0.0234375 0.0375
1 0.7171875 0.56953125 0.0625 0.04375
1 0.7171875 0.60234375 0.0625 0.04375
1 0.528125 0.6109375 0.0625 0.04375
1 0.52734375 0.3734375 0.0625 0.04375
1 0.4390625 0.33671875 0.065625 0.0453125
1 0.32109375 0.415625 0.04375 0.0375
1 0.37109375 0.4171875 0.065625 0.046875
1 0.37109375 0.45625 0.065625 0.046875