0 0.35859375 0.2875 0.05 0.05625
0 0.86875 0.2984375 0.03515625 0.07734375
0 0.21015625 0.471875 0.0171875 0.0140625
0 0.21015625 0.603125 0.0171875 0.01484375
0 0.35859375 0.58359375 0.0359375 0.05234375
0 0.8671875 0.5859375 0.03984375 0.03515625
1 0.5484375 0.325 0.05 0.009375
1 0.46875 0.41171875 0.03671875 0.00546875
1 0.45 0.4296875 0.00703125 0.03515625
1 0.49453125 0.45390625 0.04375 0.00546875
1 0.6921875 0.45390625 0.04375 0.00546875
1 0.26875 0.41171875 0.03671875 0.00546875
7 0.290625 0.325 0.01171875 0.02578125
7 0.446875 0.33984375 0.01171875 0.0234375
8 0.2796875 0.5625 0.12734375 0.009375
8 0.4453125 0.5828125 0.14296875 0.009375
8 0.59375 0.55859375 0.13984375 0.00859375
8 0.728125 0.571875 0.11484375 0.009375
8 0.8234375 0.45703125 0.03671875 0.0109375