0 0.10703125 0.13203125 0.0109375 0.0390625
0 0.12421875 0.11953125 0.0234375 0.0125
8 0.26484375 0.11953125 0.134375 0.0125
8 0.76796875 0.22265625 0.134375 0.0125
8 0.91328125 0.37890625 0.0109375 0.153125
8 0.91328125 0.78828125 0.0109375 0.09375
0 0.91328125 0.86640625 0.0109375 0.040625
0 0.89609375 0.8796875 0.021875 0.0125
8 0.8015625 0.8796875 0.08125 0.0125
8 0.41875 0.8796875 0.134375 0.0125
8 0.21875 0.8796875 0.134375 0.0125
8 0.10703125 0.7515625 0.0109375 0.153125
8 0.10703125 0.52265625 0.0109375 0.153125
8 0.10703125 0.278125 0.0109375 0.153125
1 0.43515625 0.17109375 0.0921875 0.09375
1 0.6578125 0.50078125 0.0609375 0.084375
1 0.653125 0.8390625 0.071875 0.0703125
1 0.6578125 0.665625 0.0609375 0.08125
1 0.78984375 0.57578125 0.071875 0.0703125