1 0.43828125 0.11328125 0.04375 0.0484375
0 0.1640625 0.09921875 0.0046875 0.0203125
8 0.1640625 0.24296875 0.0046875 0.0734375
8 0.60625 0.30546875 0.0734375 0.0078125
8 0.74453125 0.23125 0.0734375 0.00625
0 0.8296875 0.24140625 0.0046875 0.025
5 0.6890625 0.615625 0.0046875 0.090625
8 0.77421875 0.68828125 0.0734375 0.0078125
8 0.859375 0.73046875 0.00625 0.0375
8 0.86015625 0.875 0.00625 0.0359375
0 0.859375 0.9125 0.00625 0.0171875
8 0.77421875 0.9171875 0.071875 0.0078125
1 0.64453125 0.85390625 0.0453125 0.0484375
1 0.53671875 0.84375 0.028125 0.0390625
8 0.50703125 0.9171875 0.0375 0.00625
0 0.46640625 0.9078125 0.00625 0.0265625
8 0.46640625 0.75234375 0.00625 0.0734375
1 0.61171875 0.7203125 0.028125 0.040625
6 0.53359375 0.7515625 0.1296875 0.1203125
8 0.46640625 0.6046875 0.0046875 0.0734375
1 0.47890625 0.3328125 0.0296875 0.04375