0 0.85390625 0.93828125 0.021875 0.05625
0 0.1234375 0.73203125 0.028125 0.05625
0 0.853125 0.1265625 0.025 0.0640625
1 0.125 0.2546875 0.025 0.0609375
1 0.63046875 0.63828125 0.0671875 0.084375
1 0.4734375 0.62890625 0.0546875 0.0625
1 0.484375 0.70546875 0.046875 0.078125
1 0.28046875 0.71015625 0.0546875 0.103125
1 0.28046875 0.6171875 0.059375 0.08125
2 0.25390625 0.28359375 0.11875 0.1296875
1 0.39453125 0.18359375 0.06875 0.1046875
1 0.52265625 0.1484375 0.0703125 0.109375
2 0.71640625 0.1546875 0.1265625 0.128125
8 0.52578125 0.9515625 0.06875 0.046875
8 0.85546875 0.78828125 0.0375 0.14375
8 0.85546875 0.35390625 0.034375 0.1453125
8 0.125 0.4375 0.0234375 0.1390625
1 0.1265625 0.66875 0.03125 0.0734375
1 0.41484375 0.41015625 0.046875 0.075
6 0.45390625 0.51171875 0.153125 0.153125