0 0.35859375 0.31328125 0.01796875 0.071875
0 0.5546875 0.30703125 0.0203125 0.0640625
0 0.696875 0.3375 0.01875 0.10859375
0 0.6578125 0.815625 0.125 0.02734375
0 0.34921875 0.721875 0.0390625 0.04765625
8 0.45 0.29140625 0.128125 0.015625
8 0.615625 0.290625 0.078125 0.0140625
8 0.81484375 0.4328125 0.1484375 0.01171875
1 0.84453125 0.81875 0.06953125 0.015625
1 0.628125 0.62109375 0.05078125 0.0125
1 0.60234375 0.70703125 0.0109375 0.0625
1 0.6515625 0.5328125 0.0609375 0.0140625
1 0.55625 0.57890625 0.0109375 0.0828125
1 0.48046875 0.6203125 0.0515625 0.0125
8 0.3609375 0.5203125 0.0125 0.08203125
7 0.4390625 0.7375 0.05 0.01640625