0 0.68671875 0.19296875 0.025 0.034375
0 0.12109375 0.184375 0.06875 0.0125
0 0.11875 0.571875 0.0640625 0.0125
0 0.1265625 0.88515625 0.053125 0.015625
0 0.521875 0.884375 0.06875 0.0109375
0 0.565625 0.57109375 0.065625 0.0125
0 0.87890625 0.571875 0.071875 0.0125
0 0.90078125 0.7953125 0.03125 0.034375
1 0.7359375 0.3734375 0.10625 0.0421875
1 0.58828125 0.42265625 0.084375 0.046875
1 0.58671875 0.59765625 0.09375 0.046875
1 0.38046875 0.54609375 0.090625 0.04375
1 0.37578125 0.6390625 0.09375 0.05
1 0.4875 0.7609375 0.096875 0.0453125
1 0.478125 0.3734375 0.10625 0.053125
8 0.7796875 0.31640625 0.134375 0.0265625
8 0.86953125 0.48359375 0.05 0.0859375
8 0.90390625 0.68828125 0.046875 0.084375
8 0.5375 0.18046875 0.1640625 0.025
8 0.26796875 0.18203125 0.159375 0.025
8 0.1015625 0.28828125 0.0359375 0.084375
8 0.1 0.48515625 0.0328125 0.0875
8 0.096875 0.6625 0.040625 0.078125
8 0.09765625 0.81015625 0.0328125 0.08125
8 0.31796875 0.88515625 0.1640625 0.01875
8 0.77578125 0.80546875 0.159375 0.021875
8 0.8640625 0.35859375 0.0296875 0.059375