0 0.27421875 0.9609375 0.015625 0.021875
0 0.52109375 0.965625 0.0328125 0.0109375
0 0.79453125 0.9609375 0.015625 0.021875
0 0.79453125 0.878125 0.015625 0.021875
0 0.79453125 0.6609375 0.015625 0.021875
0 0.79453125 0.4546875 0.015625 0.034375
0 0.79453125 0.23046875 0.015625 0.034375
0 0.52109375 0.21953125 0.05 0.0125
0 0.27421875 0.23046875 0.015625 0.034375
0 0.27421875 0.4546875 0.015625 0.034375
0 0.27421875 0.6609375 0.015625 0.021875
0 0.521875 0.6609375 0.015625 0.021875
0 0.521875 0.878125 0.015625 0.021875
0 0.2734375 0.878125 0.015625 0.021875
8 0.7546875 0.66640625 0.06875 0.0140625
1 0.71875 0.2578125 0.125 0.09375
1 0.67109375 0.69609375 0.05625 0.0515625
1 0.58671875 0.81484375 0.121875 0.084375
6 0.4 0.56328125 0.246875 0.2