0 0.965625 0.8078125 0.025 0.0921875
0 0.546875 0.83984375 0.05 0.028125
0 0.16640625 0.840625 0.05625 0.03125
0 0.16484375 0.1640625 0.053125 0.03125
0 0.53203125 0.165625 0.0515625 0.034375
0 0.96640625 0.19140625 0.025 0.0875
1 0.75546875 0.60859375 0.059375 0.115625
1 0.44296875 0.6109375 0.06875 0.1
1 0.36171875 0.746875 0.059375 0.1
8 0.64140625 0.834375 0.084375 0.034375
8 0.96796875 0.5046875 0.0390625 0.1578125
8 0.6234375 0.16796875 0.096875 0.040625
8 0.2625 0.1671875 0.0875 0.0671875