1 0.371875 0.371875 0.0703125 0.06875
1 0.49140625 0.65 0.053125 0.0546875
0 0.45546875 0.584375 0.0109375 0.03125
1 0.565625 0.61484375 0.053125 0.046875
1 0.565625 0.6953125 0.053125 0.0390625
1 0.69140625 0.6140625 0.0453125 0.046875
1 0.49765625 0.78046875 0.053125 0.053125
1 0.40625 0.88828125 0.071875 0.06875
0 0.33203125 0.0921875 0.0109375 0.0296875
0 0.33203125 0.390625 0.0109375 0.03125
0 0.1296875 0.41328125 0.0109375 0.03125
0 0.1296875 0.584375 0.0109375 0.03125
0 0.78984375 0.90703125 0.0109375 0.03125
0 0.45546875 0.8359375 0.0109375 0.03125
0 0.1296875 0.90703125 0.0109375 0.03125
0 0.14453125 0.91875 0.0203125 0.009375
0 0.78984375 0.584375 0.0109375 0.03125
0 0.78984375 0.390625 0.0109375 0.03125
0 0.78984375 0.0921875 0.0109375 0.0296875
0 0.775 0.08125 0.0203125 0.009375
6 0.490494296875 0.8513157890624999 0.490494296875 0.9141447375 0.7850029171874999 0.9141540203125 0.7850950578125 0.7947697375 0.6280608359375 0.7947368421875 0.628212928125 0.8512828953125 0.490494296875 0.8513157890624999