0 0.07578125 0.12890625 0.0375 0.021875
0 0.88359375 0.12890625 0.040625 0.021875
0 0.89296875 0.4640625 0.0203125 0.034375
0 0.88359375 0.859375 0.0375 0.0234375
0 0.45859375 0.85859375 0.040625 0.0234375
0 0.3625 0.5203125 0.0375 0.01875
0 0.5515625 0.51953125 0.0390625 0.0171875
0 0.459375 0.12890625 0.0375 0.021875
0 0.084375 0.85859375 0.0421875 0.0234375
8 0.05859375 0.3296875 0.0453125 0.0609375
8 0.07109375 0.69375 0.04375 0.0609375
1 0.0546875 0.603125 0.0734375 0.0546875
1 0.3546875 0.5578125 0.053125 0.040625
1 0.4015625 0.78828125 0.053125 0.059375
1 0.5625 0.56015625 0.0625 0.0453125
2 0.78671875 0.6671875 0.09375 0.0625
1 0.87265625 0.60546875 0.065625 0.0625
0 0.06875 0.46640625 0.021875 0.0390625