8 0.78203125 0.1015625 0.0875 0.01875
0 0.71484375 0.1015625 0.03125 0.01875
0 0.3171875 0.028125 0.028125 0.015625
0 0.12265625 0.5671875 0.025 0.009375
0 0.8890625 0.7796875 0.01875 0.009375
8 0.89609375 0.45703125 0.00625 0.14375
8 0.82421875 0.8625 0.046875 0.01875
6 0.50546875 0.675 0.109375 0.3921875
8 0.18671875 0.8625 0.046875 0.01875
1 0.68671875 0.69296875 0.0421875 0.059375
1 0.5515625 0.1421875 0.040625 0.0578125
8 0.1140625 0.45703125 0.00625 0.14375
8 0.22890625 0.1015625 0.0875 0.01875
1 0.46015625 0.1421875 0.04375 0.05625
8 0.5375 0.028125 0.028125 0.015625
1 0.7296875 0.32578125 0.046875 0.05
1 0.7296875 0.58671875 0.04375 0.05
1 0.6828125 0.5828125 0.0375 0.040625
1 0.6046875 0.534375 0.040625 0.0578125
1 0.53515625 0.45 0.053125 0.059375
1 0.47578125 0.45 0.053125 0.0578125
1 0.28046875 0.3265625 0.046875 0.05
1 0.40625 0.534375 0.040625 0.0578125
1 0.32734375 0.58359375 0.0375 0.0421875
1 0.28125 0.58671875 0.04375 0.05
1 0.32421875 0.69296875 0.04375 0.059375
8 0.621875 0.684375 0.00625 0.04375
8 0.621875 0.63515625 0.00625 0.04375
8 0.38828125 0.63515625 0.00625 0.04375
8 0.38828125 0.684375 0.00625 0.04375