8 0.86015625 0.28203125 0.015625 0.0921875
8 0.75390625 0.165625 0.10625 0.015625
0 0.84921875 0.165625 0.0359375 0.015625
0 0.64765625 0.17890625 0.015625 0.0421875
0 0.39375 0.165625 0.0375 0.015625
0 0.36953125 0.28046875 0.015625 0.0421875
0 0.23671875 0.165625 0.015625 0.04375
0 0.10625 0.29375 0.0375 0.015625
0 0.10625 0.5078125 0.0375 0.015625
0 0.35859375 0.50703125 0.0375 0.0171875
0 0.6484375 0.51484375 0.015625 0.0421875
0 0.84921875 0.7328125 0.0375 0.015625
0 0.646875 0.7328125 0.0375 0.015625
0 0.3796875 0.7328125 0.0375 0.015625
0 0.3578125 0.89765625 0.0375 0.015625
0 0.10625 0.89765625 0.0359375 0.015625
8 0.5328125 0.165625 0.10625 0.015625
8 0.86015625 0.6171875 0.015625 0.090625
8 0.75390625 0.73203125 0.10625 0.015625
1 0.33359375 0.26328125 0.053125 0.075
1 0.67421875 0.359375 0.065625 0.0609375
1 0.68828125 0.5375 0.0640625 0.0875
1 0.44453125 0.69609375 0.065625 0.0875
1 0.32890625 0.68515625 0.065625 0.0875
1 0.25703125 0.61953125 0.0546875 0.071875
8 0.23203125 0.89765625 0.10625 0.015625
8 0.23671875 0.2109375 0.015625 0.040625
8 0.5625 0.73203125 0.10625 0.015625
8 0.0953125 0.77265625 0.015625 0.1015625
8 0.0953125 0.58125 0.015625 0.040625
8 0.0953125 0.40078125 0.015625 0.0921875
1 0.3421875 0.46796875 0.06875 0.059375