0 0.128125 0.15390625 0.009375 0.028125
0 0.1421875 0.14453125 0.0203125 0.009375
0 0.83984375 0.8484375 0.009375 0.028125
0 0.825 0.8578125 0.021875 0.0078125
8 0.128125 0.184375 0.009375 0.0328125
8 0.128125 0.46640625 0.009375 0.0453125
8 0.25 0.7109375 0.046875 0.009375
8 0.309375 0.7109375 0.046875 0.0078125
8 0.50546875 0.85859375 0.046875 0.009375
8 0.70390625 0.85859375 0.046875 0.0078125
8 0.76171875 0.8578125 0.046875 0.009375
8 0.83984375 0.609375 0.009375 0.0828125
8 0.83984375 0.459375 0.009375 0.0828125
8 0.67890625 0.1453125 0.1296875 0.009375
5 0.43359375 0.2140625 0.1078125 0.009375
1 0.3109375 0.23984375 0.0546875 0.0609375
8 0.20234375 0.14453125 0.1 0.009375
1 0.303125 0.33125 0.053125 0.046875
1 0.43515625 0.3 0.05625 0.0625
1 0.2875 0.4828125 0.04375 0.0359375
1 0.41953125 0.48515625 0.046875 0.0421875
1 0.41640625 0.5359375 0.053125 0.046875
1 0.55625 0.36328125 0.071875 0.0703125
5 0.38984375 0.646875 0.0078125 0.1234375
1 0.4734375 0.728125 0.0375 0.04375
1 0.80390625 0.7140625 0.0671875 0.0625
5 0.57109375 0.5796875 0.0078125 0.09375
6 0.68125 0.459375 0.309375 0.121875