0 0.13984375 0.8953125 0.01875 0.0125
0 0.3828125 0.8953125 0.01875 0.0125
0 0.390625 0.7671875 0.01875 0.0125
0 0.6203125 0.7671875 0.01875 0.0125
0 0.8203125 0.778125 0.0125 0.01875
0 0.13984375 0.7046875 0.01875 0.0125
0 0.46171875 0.70234375 0.01875 0.0125
0 0.46171875 0.49609375 0.01875 0.0125
0 0.6203125 0.49609375 0.01875 0.0125
0 0.8203125 0.3375 0.0125 0.01875
0 0.559375 0.33203125 0.0125 0.01875
0 0.8203125 0.1390625 0.0125 0.01875
0 0.559375 0.1390625 0.0125 0.01875
0 0.46640625 0.26640625 0.0125 0.01875
0 0.20390625 0.3203125 0.01875 0.0125
0 0.146875 0.3796875 0.01875 0.0125
2 0.26171875 0.89765625 0.0765625 0.05
2 0.26171875 0.72265625 0.075 0.05
8 0.18203125 0.703125 0.046875 0.0109375
8 0.16640625 0.896875 0.034375 0.009375
8 0.1359375 0.86484375 0.009375 0.0375
8 0.1359375 0.79921875 0.0109375 0.059375
8 0.1359375 0.73359375 0.009375 0.0375
8 0.3421875 0.703125 0.046875 0.009375
8 0.4234375 0.70390625 0.05625 0.009375
8 0.409375 0.49453125 0.0375 0.009375
8 0.35625 0.896875 0.0359375 0.009375
8 0.38671875 0.8671875 0.009375 0.0375
8 0.428125 0.76953125 0.0375 0.009375
8 0.50546875 0.76953125 0.06875 0.009375
8 0.5828125 0.76953125 0.0375 0.009375
8 0.67578125 0.78359375 0.046875 0.009375
8 0.771875 0.78359375 0.046875 0.009375
8 0.82109375 0.73046875 0.009375 0.046875
8 0.82109375 0.59921875 0.009375 0.046875
8 0.82109375 0.5359375 0.009375 0.0375
8 0.82109375 0.45 0.009375 0.0375
8 0.82109375 0.36953125 0.009375 0.046875
8 0.82109375 0.309375 0.009375 0.0375
8 0.82109375 0.19453125 0.009375 0.046875
8 0.559375 0.19375 0.0125 0.046875
8 0.5203125 0.3359375 0.0453125 0.0109375
8 0.41484375 0.3359375 0.0359375 0.009375
8 0.2 0.3453125 0.0109375 0.0375
6 0.60078125 0.628125 0.0375 0.175