0 0.80390625 0.07734375 0.0140625 0.04375
0 0.8046875 0.45625 0.0140625 0.04375
0 0.79375 0.93203125 0.034375 0.0171875
0 0.20546875 0.93203125 0.0328125 0.0171875
0 0.20546875 0.42578125 0.034375 0.0171875
0 0.44609375 0.07734375 0.0140625 0.04375
8 0.72578125 0.06171875 0.0421875 0.0171875
8 0.8046875 0.4140625 0.015625 0.0390625
8 0.8 0.55703125 0.0265625 0.0796875
8 0.8 0.821875 0.0234375 0.0796875
8 0.61328125 0.93203125 0.15625 0.021875
8 0.32578125 0.93203125 0.084375 0.0203125
8 0.19921875 0.68203125 0.025 0.046875
8 0.19921875 0.534375 0.025 0.078125
8 0.4171875 0.42578125 0.03125 0.0203125
8 0.44609375 0.39140625 0.015625 0.046875
1 0.45546875 0.32421875 0.0359375 0.05
1 0.4265625 0.5359375 0.0515625 0.059375
1 0.47109375 0.5390625 0.034375 0.0484375
1 0.38671875 0.59921875 0.034375 0.05
1 0.38671875 0.6828125 0.0328125 0.046875
1 0.42890625 0.7359375 0.053125 0.059375
1 0.47109375 0.67734375 0.034375 0.05
1 0.79296875 0.67890625 0.0390625 0.0578125
1 0.71796875 0.45 0.0546875 0.0609375