0 0.1828125 0.80078125 0.015625 0.021875
0 0.1828125 0.5703125 0.015625 0.021875
0 0.3453125 0.559375 0.015625 0.0203125
0 0.3453125 0.2953125 0.015625 0.021875
0 0.56640625 0.2953125 0.015625 0.021875
0 0.5703125 0.4359375 0.015625 0.021875
0 0.8546875 0.446875 0.0140625 0.021875
0 0.8546875 0.64140625 0.0140625 0.021875
0 0.8546875 0.80078125 0.0140625 0.0203125
0 0.58828125 0.634375 0.025 0.0125
0 0.47109375 0.80078125 0.015625 0.021875
8 0.1828125 0.72109375 0.0171875 0.1046875
8 0.2265625 0.56484375 0.075 0.0125
8 0.34609375 0.50234375 0.01875 0.071875
8 0.34609375 0.365625 0.01875 0.071875
8 0.4578125 0.28984375 0.1125 0.0125
8 0.56875 0.36171875 0.015625 0.1046875
8 0.70703125 0.44140625 0.1625 0.0140625
8 0.8546875 0.5125 0.0171875 0.1046875
8 0.52578125 0.80625 0.08125 0.0125
8 0.8546875 0.7203125 0.01875 0.103125
1 0.4453125 0.6671875 0.065625 0.059375
1 0.60546875 0.6671875 0.0609375 0.0578125
1 0.54140625 0.71796875 0.071875 0.0484375
1 0.83046875 0.60390625 0.065625 0.05625
1 0.51953125 0.4171875 0.0859375 0.0625