8 0.32890625 0.9484375 0.06875 0.009375
8 0.4578125 0.9484375 0.06875 0.009375
8 0.5890625 0.9484375 0.06875 0.009375
8 0.671875 0.8734375 0.00625 0.115625
2 0.75 0.77265625 0.0625 0.0625
1 0.596875 0.503125 0.034375 0.05
1 0.4953125 0.49921875 0.0296875 0.059375
8 0.38359375 0.56328125 0.00625 0.053125
1 0.36640625 0.49921875 0.03125 0.059375
1 0.315625 0.40390625 0.040625 0.059375
1 0.3859375 0.3421875 0.034375 0.0671875
1 0.27890625 0.16875 0.034375 0.065625
1 0.49296875 0.3421875 0.034375 0.0671875
1 0.53203125 0.3421875 0.034375 0.0671875
1 0.60234375 0.40390625 0.040625 0.059375
8 0.828125 0.6609375 0.00625 0.115625
8 0.26875 0.88671875 0.00625 0.115625
8 0.26875 0.65859375 0.00625 0.115625
8 0.26875 0.5640625 0.00625 0.053125
8 0.2140625 0.47421875 0.06875 0.009375
8 0.16015625 0.36015625 0.0046875 0.115625
8 0.16015625 0.15859375 0.00625 0.053125
8 0.35234375 0.07421875 0.06875 0.009375
8 0.4609375 0.07421875 0.06875 0.009375
8 0.57265625 0.07421875 0.06875 0.009375
8 0.65546875 0.07421875 0.06875 0.009375
8 0.7921875 0.07421875 0.06875 0.009375
1 0.36640625 0.56953125 0.0296875 0.059375
5 0.828125 0.2859375 0.00625 0.28125
0 0.828125 0.7890625 0.00625 0.0296875
0 0.81953125 0.7984375 0.0125 0.009375