0 0.11328125 0.3109375 0.0203125 0.075
0 0.08359375 0.6640625 0.021875 0.0109375
0 0.9140625 0.5015625 0.0265625 0.0109375
0 0.64453125 0.30625 0.03125 0.0140625
8 0.1078125 0.49375 0.0078125 0.078125
8 0.0765625 0.61875 0.0078125 0.08125
8 0.421875 0.6828125 0.03125 0.0109375
8 0.9 0.2609375 0.05625 0.0140625
8 0.82265625 0.30625 0.05 0.0140625
8 0.70625 0.30625 0.090625 0.0140625
8 0.5828125 0.30625 0.0921875 0.0140625
8 0.46640625 0.30625 0.05 0.0140625
8 0.390625 0.2609375 0.0546875 0.0140625
8 0.30859375 0.27734375 0.0921875 0.0078125
8 0.17734375 0.27734375 0.0921875 0.0078125
1 0.2171875 0.58203125 0.0265625 0.0296875
1 0.25859375 0.53828125 0.0390625 0.0546875
1 0.3390625 0.5875 0.0359375 0.0390625
1 0.34453125 0.48671875 0.0359375 0.0421875
1 0.38359375 0.58359375 0.0296875 0.0328125
1 0.37578125 0.41640625 0.028125 0.0390625
1 0.62109375 0.665625 0.0421875 0.046875
1 0.6609375 0.45078125 0.0390625 0.0546875
1 0.8796875 0.41484375 0.0296875 0.0421875