0 0.196875 0.12109375 0.053125 0.025
0 0.646875 0.140625 0.01875 0.065625
0 0.83046875 0.246875 0.01875 0.065625
0 0.83046875 0.884375 0.021875 0.065625
0 0.57734375 0.63046875 0.0203125 0.065625
0 0.196875 0.61015625 0.0515625 0.025
8 0.38828125 0.60859375 0.121875 0.034375
8 0.1796875 0.35078125 0.0265625 0.1484375
8 0.325 0.11953125 0.11875 0.03125
8 0.54296875 0.1203125 0.0625 0.028125
8 0.8296875 0.42421875 0.0234375 0.146875
1 0.52421875 0.546875 0.075 0.109375
1 0.4921875 0.253125 0.071875 0.103125
1 0.7796875 0.2546875 0.075 0.0875
6 0.70234375 0.73671875 0.2359375 0.31875