0 0.24609375 0.76171875 0.06875 0.01875
0 0.246875 0.18359375 0.065625 0.0203125
0 0.23046875 0.47265625 0.034375 0.04375
0 0.85625 0.7609375 0.065625 0.0203125
0 0.7625 0.24609375 0.05 0.01875
1 0.41171875 0.5875 0.0984375 0.059375
1 0.35234375 0.66484375 0.09375 0.0625
1 0.8109375 0.55 0.09375 0.065625
8 0.38828125 0.184375 0.1 0.01875
8 0.62578125 0.24453125 0.096875 0.021875
8 0.771875 0.42109375 0.034375 0.05625
8 0.771875 0.346875 0.0375 0.059375
8 0.4609375 0.76328125 0.103125 0.025
8 0.7390625 0.76328125 0.10625 0.025