0 0.53984375 0.18203125 0.0609375 0.0140625
0 0.4515625 0.4296875 0.08359375 0.0140625
1 0.5671875 0.2484375 0.0109375 0.08046875
1 0.54296875 0.36015625 0.04453125 0.0125
1 0.68671875 0.5 0.0109375 0.04375
1 0.4078125 0.67578125 0.0125 0.071875
1 0.56640625 0.409375 0.0109375 0.06015625
1 0.40703125 0.29140625 0.009375 0.0453125
8 0.4859375 0.18125 0.0515625 0.0140625
8 0.7078125 0.3640625 0.0125 0.09140625
8 0.6078125 0.653125 0.0109375 0.12109375
1 0.49453125 0.3828125 0.0109375 0.046875
8 0.659375 0.78046875 0.0078125 0.1296875
7 0.4078125 0.39765625 0.00859375 0.0359375
8 0.6859375 0.47109375 0.01015625 0.021875
8 0.6859375 0.5484375 0.01015625 0.02578125
4 0.565625 0.5 0.009375 0.0515625
4 0.540625 0.4359375 0.04921875 0.0109375
6 0.55625 0.78203125 0.20390625 0.1265625