0 0.86796875 0.10078125 0.009375 0.0296875
0 0.86796875 0.425 0.009375 0.0296875
0 0.85546875 0.59921875 0.034375 0.0078125
0 0.4921875 0.609375 0.009375 0.0296875
0 0.4921875 0.9 0.009375 0.0296875
0 0.12890625 0.9 0.009375 0.0296875
0 0.12890625 0.61015625 0.0109375 0.028125
0 0.12890625 0.39609375 0.0109375 0.0296875
0 0.12890625 0.10078125 0.0109375 0.0296875
0 0.5125 0.10078125 0.009375 0.0296875
0 0.5046875 0.4359375 0.034375 0.009375
8 0.38203125 0.08984375 0.0515625 0.0078125
8 0.68984375 0.08984375 0.1671875 0.0078125
8 0.3109375 0.9109375 0.1671875 0.0078125
8 0.12890625 0.49453125 0.009375 0.04375
8 0.12890625 0.3203125 0.009375 0.071875
1 0.475 0.20625 0.0671875 0.065625
1 0.33671875 0.2671875 0.0765625 0.0578125
1 0.42421875 0.40703125 0.0671875 0.065625
1 0.3375 0.56640625 0.0765625 0.0578125
1 0.44375 0.62734375 0.0671875 0.065625
6 0.6859375 0.5171875 0.3546875 0.15625