0 0.2796875 0.02265625 0.003125 0.01875
0 0.30078125 0.94140625 0.003125 0.015625
0 0.7765625 0.63984375 0.0046875 0.0234375
0 0.76953125 0.01640625 0.01875 0.00625
8 0.7765625 0.140625 0.0046875 0.096875
8 0.7765625 0.315625 0.0046875 0.090625
5 0.7765625 0.5015625 0.0046875 0.128125
8 0.62421875 0.740625 0.003125 0.08125
8 0.59609375 0.83125 0.021875 0.0078125
8 0.39453125 0.946875 0.053125 0.00625
8 0.3140625 0.40234375 0.003125 0.034375
8 0.3140625 0.31328125 0.003125 0.034375
8 0.2796875 0.2 0.003125 0.034375
8 0.2796875 0.14375 0.003125 0.0734375
8 0.2796875 0.08671875 0.003125 0.034375
8 0.3015625 0.0171875 0.0265625 0.0078125
8 0.415625 0.01640625 0.0265625 0.00625
8 0.5046875 0.01640625 0.0640625 0.00625
1 0.4734375 0.9140625 0.03125 0.046875
1 0.50234375 0.840625 0.0234375 0.0265625
1 0.575 0.60546875 0.0296875 0.0328125
1 0.540625 0.53515625 0.0296875 0.040625
1 0.5296875 0.4734375 0.03125 0.04375
1 0.56640625 0.3984375 0.0296875 0.04375
1 0.32890625 0.3578125 0.034375 0.0484375
1 0.60078125 0.128125 0.021875 0.025
1 0.5546875 0.08125 0.034375 0.046875
5 0.51640625 0.70859375 0.003125 0.096875
6 0.4515625 0.39921875 0.146875 0.078125