0 0.7625 0.8265625 0.04375 0.0078125
0 0.5390625 0.82734375 0.0421875 0.0078125
0 0.31484375 0.8265625 0.0421875 0.0078125
0 0.1453125 0.8265625 0.04375 0.009375
0 0.14609375 0.38984375 0.04375 0.0078125
0 0.2671875 0.40859375 0.0078125 0.04375
6 0.3821790734375 0.5324538609375 0.4271782625 0.532284459375 0.42745758125 0.3944336109375 0.2709670671875 0.393383540625 0.2705346515625 0.5267754578125 0.31377619375 0.5265482140625 0.31373983125 0.4519153046875 0.3821928375 0.451927340625 0.3821790734375 0.5324538609375
0 0.43125 0.40859375 0.0078125 0.0453125
0 0.65078125 0.42265625 0.04375 0.0078125
0 0.9265625 0.40390625 0.0078125 0.04375
0 0.9265625 0.09921875 0.009375 0.04375
0 0.66640625 0.09921875 0.0078125 0.0453125
8 0.9265625 0.2515625 0.0078125 0.1
8 0.7796875 0.68046875 0.0078125 0.1
8 0.659375 0.8265625 0.09375 0.0078125
8 0.43671875 0.8265625 0.09375 0.0078125
8 0.128125 0.721875 0.0078125 0.1
8 0.128125 0.45546875 0.0078125 0.04375
8 0.2921875 0.38984375 0.04375 0.0078125
8 0.40546875 0.38984375 0.04375 0.009375
8 0.46015625 0.42265625 0.04375 0.009375
8 0.7828125 0.08125 0.096875 0.009375
1 0.70078125 0.39296875 0.05625 0.0671875
1 0.47265625 0.4953125 0.0421875 0.0375
1 0.19765625 0.50078125 0.0421875 0.0375
1 0.2265625 0.56953125 0.065625 0.059375
1 0.2703125 0.640625 0.046875 0.05625
1 0.89453125 0.39296875 0.05625 0.0671875