0 0.2296875 0.20390625 0.034375 0.0703125
0 0.48828125 0.18828125 0.059375 0.0375
0 0.759375 0.20390625 0.03125 0.071875
0 0.49375 0.44375 0.03125 0.06875
0 0.84453125 0.42734375 0.034375 0.0734375
0 0.22890625 0.5375 0.0359375 0.06875
0 0.22890625 0.8234375 0.0328125 0.0671875
0 0.8453125 0.82421875 0.0359375 0.0703125
8 0.31640625 0.84140625 0.065625 0.0390625
8 0.41953125 0.84140625 0.0640625 0.0375
8 0.62578125 0.840625 0.065625 0.0390625
8 0.73671875 0.83984375 0.065625 0.0390625
8 0.8265625 0.628125 0.075 0.15
1 0.44765625 0.30859375 0.0578125 0.06875
1 0.51875 0.37734375 0.078125 0.0625
1 0.41953125 0.38046875 0.0625 0.06875
1 0.72890625 0.36796875 0.0734375 0.06875