0 0.628125 0.0828125 0.0578125 0.0234375
0 0.440625 0.0890625 0.04453125 0.0359375
0 0.4546875 0.21015625 0.0734375 0.0203125
0 0.55 0.19296875 0.0203125 0.05625
0 0.7703125 0.23125 0.025 0.08203125
0 0.7546875 0.48046875 0.05859375 0.05703125
0 0.9421875 0.49375 0.02109375 0.0796875
0 0.94296875 0.709375 0.025 0.09375
0 0.828125 0.89140625 0.08671875 0.0296875
0 0.5984375 0.896875 0.10390625 0.01953125
0 0.6890625 0.7859375 0.0921875 0.0203125
0 0.54765625 0.6484375 0.025 0.0671875
0 0.35859375 0.63671875 0.06875 0.0296875
0 0.3265625 0.515625 0.0375 0.0546875
0 0.51953125 0.45546875 0.0828125 0.02265625
0 0.175 0.4359375 0.02421875 0.05859375
0 0.315625 0.34296875 0.06640625 0.0734375
7 0.609375 0.10234375 0.02265625 0.0328125
7 0.740625 0.4125 0.01171875 0.02734375
7 0.69765625 0.89765625 0.0453125 0.01640625
7 0.75078125 0.8984375 0.0421875 0.01640625
7 0.2484375 0.37265625 0.04296875 0.01640625
1 0.515625 0.2109375 0.06171875 0.02265625
1 0.5890625 0.390625 0.07109375 0.0109375
1 0.628125 0.43828125 0.01015625 0.0453125
1 0.5546875 0.421875 0.01171875 0.0578125
1 0.55390625 0.4875 0.0125 0.0578125
1 0.77890625 0.66875 0.0671875 0.0078125
1 0.9 0.7875 0.07578125 0.0109375
1 0.73046875 0.8125 0.0109375 0.04609375
1 0.859375 0.815625 0.0234375 0.05546875
1 0.6625 0.8359375 0.04453125 0.0109375
1 0.3390625 0.4734375 0.0109375 0.04609375
8 0.76953125 0.36171875 0.0234375 0.04453125
8 0.5859375 0.67265625 0.0625 0.0171875
8 0.41171875 0.64140625 0.053125 0.01953125