0 0.07109375 0.609375 0.025 0.0296875
0 0.91328125 0.60859375 0.0234375 0.03125
8 0.9125 0.30390625 0.025 0.0703125
0 0.91328125 0.1328125 0.0265625 0.03125
1 0.7578125 0.41484375 0.065625 0.059375
1 0.70078125 0.32421875 0.0515625 0.0359375
1 0.7 0.46171875 0.0515625 0.0375
1 0.60625 0.3234375 0.0546875 0.0375
1 0.49765625 0.3703125 0.065625 0.059375
1 0.49765625 0.31484375 0.053125 0.040625
8 0.49609375 0.1828125 0.0453125 0.028125
8 0.4375 0.1828125 0.05625 0.028125
1 0.27421875 0.33125 0.053125 0.0375
8 0.31328125 0.13125 0.040625 0.028125
8 0.071875 0.26484375 0.025 0.0703125
8 0.6109375 0.13203125 0.040625 0.028125
0 0.071875 0.13359375 0.025 0.03125
1 0.353125 0.22578125 0.0671875 0.059375
6 0.38984375 0.85390625 0.29375 0.0890625
6 0.7296875 0.646875 0.3515625 0.0859375
2 0.43203125 0.7890625 0.084375 0.0328125
2 0.34609375 0.7890625 0.084375 0.0328125
2 0.81640625 0.584375 0.0875 0.034375
2 0.64140625 0.58359375 0.0890625 0.034375
2 0.1765625 0.60703125 0.090625 0.0375