2 0.8984375 0.4765625 0.078125 0.0453125
2 0.553125 0.5625 0.05 0.090625
1 0.3265625 0.55859375 0.075 0.0734375
1 0.334375 0.6890625 0.059375 0.05625
1 0.19765625 0.62890625 0.05 0.06875
0 0.10859375 0.30546875 0.0390625 0.0125
0 0.35859375 0.325 0.0109375 0.0515625
0 0.5578125 0.30546875 0.0390625 0.0125
0 0.9265625 0.30546875 0.0390625 0.0125
0 0.940625 0.32421875 0.0109375 0.025
0 0.840625 0.7625 0.0390625 0.0125
0 0.571875 0.74296875 0.0109375 0.0515625
0 0.34453125 0.6015625 0.0390625 0.0125
0 0.10859375 0.72265625 0.0390625 0.0125
0 0.09453125 0.70390625 0.0109375 0.025
8 0.72890625 0.30546875 0.1921875 0.0125
8 0.8546875 0.63359375 0.0109375 0.15
8 0.70390625 0.7625 0.1921875 0.0125
8 0.46484375 0.72265625 0.128125 0.0125
8 0.45859375 0.30546875 0.128125 0.0125
8 0.2265625 0.30546875 0.128125 0.0125
8 0.09453125 0.453125 0.0109375 0.221875