0 0.8734375 0.8453125 0.0484375 0.015625
0 0.1078125 0.84765625 0.046875 0.0109375
0 0.88671875 0.25234375 0.021875 0.053125
0 0.734375 0.18671875 0.01875 0.053125
0 0.43828125 0.1859375 0.021875 0.053125
0 0.09140625 0.61171875 0.0140625 0.053125
8 0.88671875 0.753125 0.021875 0.053125
8 0.88671875 0.56484375 0.021875 0.0515625
8 0.653125 0.8453125 0.05 0.015625
8 0.515625 0.8453125 0.05625 0.015625
8 0.09140625 0.71953125 0.0140625 0.053125
8 0.23671875 0.590625 0.234375 0.0109375
8 0.43828125 0.415625 0.021875 0.053125
8 0.53828125 0.16953125 0.0953125 0.01875
8 0.8046875 0.2359375 0.10625 0.0171875
1 0.6765625 0.73359375 0.0390625 0.046875
1 0.63828125 0.68984375 0.03125 0.028125
1 0.71640625 0.6921875 0.0328125 0.03125
1 0.71640625 0.62578125 0.0328125 0.0296875
1 0.58984375 0.62421875 0.040625 0.05
1 0.57890625 0.58125 0.0328125 0.03125
1 0.5140625 0.52265625 0.059375 0.0421875
1 0.4015625 0.6234375 0.040625 0.03125
1 0.678125 0.4640625 0.0390625 0.0484375
1 0.590625 0.4640625 0.040625 0.05
1 0.5921875 0.36640625 0.040625 0.05
2 0.8765625 0.365625 0.0421875 0.0484375
2 0.4484375 0.2609375 0.0421875 0.046875