8 0.40703125 0.134375 0.01171875 0.03125
8 0.453125 0.134375 0.01171875 0.03203125
8 0.296875 0.1515625 0.140625 0.01015625
8 0.2265625 0.215625 0.00859375 0.0796875
8 0.2265625 0.3921875 0.009375 0.0625
8 0.23671875 0.51953125 0.03046875 0.1453125
8 0.26640625 0.80078125 0.00859375 0.26875
8 0.29765625 0.9296875 0.06328125 0.01328125
8 0.40703125 0.9296875 0.0390625 0.0109375
8 0.57734375 0.9296875 0.2015625 0.01171875
8 0.703125 0.9296875 0.0484375 0.01171875
8 0.7640625 0.9296875 0.03984375 0.01328125
8 0.52109375 0.7328125 0.08046875 0.01015625
8 0.59609375 0.6375 0.00859375 0.17734375
8 0.55625 0.5828125 0.0078125 0.15390625
8 0.77578125 0.296875 0.00859375 0.16953125
8 0.6296875 0.1515625 0.284375 0.01171875
0 0.359375 0.928125 0.06328125 0.01796875
0 0.678125 0.853125 0.01171875 0.0953125
0 0.77265625 0.7671875 0.03515625 0.08984375
0 0.6765625 0.6671875 0.01328125 0.05625
0 0.771875 0.6453125 0.03359375 0.0140625
0 0.771875 0.5640625 0.034375 0.0140625
0 0.6765625 0.5140625 0.01171875 0.096875
0 0.7296875 0.3859375 0.11796875 0.015625
0 0.775 0.1796875 0.009375 0.0734375
0 0.4859375 0.21875 0.01328125 0.14765625
0 0.471875 0.465625 0.084375 0.121875
0 0.43671875 0.56953125 0.0140625 0.046875
0 0.33203125 0.584375 0.11328125 0.01640625
0 0.3703125 0.6765625 0.1453125 0.03984375
1 0.5796875 0.7328125 0.03125 0.00859375
1 0.4828125 0.7109375 0.0078125 0.0421875
1 0.740625 0.80625 0.034375 0.00703125
1 0.7578125 0.82265625 0.00703125 0.0296875
1 0.7578125 0.590625 0.01328125 0.0515625
1 0.59609375 0.525 0.0109375 0.04140625
1 0.39140625 0.4890625 0.0265625 0.01015625
1 0.59609375 0.43984375 0.0078125 0.059375
1 0.475 0.3890625 0.00703125 0.03828125
1 0.47421875 0.32890625 0.0078125 0.0390625
1 0.40625 0.1640625 0.0046875 0.02421875
1 0.453125 0.16484375 0.00546875 0.025
5 0.428125 0.31015625 0.0328125 0.0109375
6 0.5203125 0.234375 0.06015625 0.159375