0 0.865625 0.2515625 0.009375 0.0171875
0 0.21328125 0.25234375 0.01875 0.015625
0 0.2140625 0.48984375 0.01875 0.0171875
0 0.2140625 0.7765625 0.01875 0.0171875
0 0.58359375 0.7765625 0.021875 0.0171875
0 0.52734375 0.484375 0.0125 0.015625
0 0.86484375 0.48203125 0.0125 0.015625
8 0.70078125 0.24765625 0.0375 0.009375
8 0.54140625 0.2515625 0.065625 0.015625
8 0.21328125 0.36015625 0.0265625 0.078125
8 0.2140625 0.55703125 0.025 0.04375
8 0.2140625 0.7 0.0234375 0.0453125
8 0.48359375 0.77734375 0.06875 0.0171875
8 0.58359375 0.60859375 0.025 0.021875
8 0.7359375 0.48515625 0.121875 0.015625
1 0.409375 0.671875 0.046875 0.028125
1 0.4578125 0.61171875 0.0625 0.028125
1 0.3625 0.6453125 0.0609375 0.028125
1 0.3625 0.58203125 0.059375 0.028125
1 0.44375 0.54140625 0.034375 0.015625
1 0.50390625 0.509375 0.078125 0.03125
1 0.5625 0.42734375 0.04375 0.025
8 0.59453125 0.48359375 0.0375 0.015625
1 0.6140625 0.46171875 0.06875 0.03125
2 0.34296875 0.25859375 0.0703125 0.034375