0 0.12421875 0.08203125 0.0109375 0.034375
0 0.12421875 0.43671875 0.0109375 0.034375
0 0.1234375 0.91015625 0.0125 0.034375
0 0.5796875 0.909375 0.0109375 0.034375
0 0.9234375 0.91015625 0.0109375 0.034375
0 0.9234375 0.43671875 0.0109375 0.034375
0 0.9234375 0.08203125 0.0109375 0.034375
0 0.48203125 0.08203125 0.0109375 0.034375
0 0.48203125 0.4375 0.0125 0.034375
0 0.5796875 0.5984375 0.0109375 0.034375
8 0.9234375 0.21875 0.0109375 0.1671875
8 0.9234375 0.37734375 0.0109375 0.05
8 0.9234375 0.684375 0.009375 0.16875
8 0.1234375 0.75390625 0.009375 0.16875
8 0.12421875 0.259375 0.009375 0.16875
8 0.303125 0.06953125 0.19375 0.009375
8 0.70234375 0.06953125 0.19375 0.009375
1 0.5359375 0.61875 0.0765625 0.075
1 0.33515625 0.4875 0.0875 0.065625
1 0.43828125 0.41640625 0.0765625 0.0765625
1 0.6234375 0.36171875 0.078125 0.075
1 0.5328125 0.2953125 0.078125 0.075
8 0.1234375 0.51796875 0.009375 0.05
2 0.70703125 0.896875 0.115625 0.059375