0 0.171875 0.803125 0.015625 0.05625
0 0.4375 0.80390625 0.0171875 0.059375
0 0.67890625 0.80390625 0.015625 0.059375
0 0.90625 0.6953125 0.0171875 0.0578125
0 0.90625 0.47734375 0.0171875 0.0578125
0 0.171875 0.55859375 0.015625 0.0578125
0 0.171875 0.1875 0.015625 0.059375
0 0.434375 0.1875 0.0171875 0.059375
0 0.7390625 0.43125 0.0171875 0.059375
0 0.7390625 0.28203125 0.0171875 0.05625
8 0.5578125 0.8265625 0.090625 0.0109375
8 0.3109375 0.8265625 0.090625 0.0109375
8 0.303125 0.16484375 0.1015625 0.0109375
8 0.80078125 0.4546875 0.090625 0.0109375
8 0.63984375 0.2578125 0.15 0.0109375
1 0.71953125 0.759375 0.0671875 0.0921875
1 0.39609375 0.62421875 0.06875 0.096875
1 0.396875 0.4125 0.06875 0.0953125
1 0.2890625 0.48671875 0.05625 0.0578125
2 0.4921875 0.28125 0.075 0.059375
0 0.43828125 0.43125 0.0171875 0.059375