0 0.53828125 0.85 0.0265625 0.021875
0 0.10078125 0.85 0.0265625 0.021875
0 0.1 0.0984375 0.0234375 0.040625
0 0.53984375 0.0984375 0.0234375 0.040625
0 0.8828125 0.28046875 0.034375 0.028125
0 0.54765625 0.2703125 0.034375 0.028125
0 0.8828125 0.54921875 0.034375 0.0265625
0 0.53984375 0.63203125 0.0234375 0.040625
0 0.47421875 0.61953125 0.025 0.021875
0 0.47421875 0.55546875 0.025 0.0203125
8 0.0984375 0.3390625 0.0203125 0.078125
8 0.17890625 0.0875 0.121875 0.0171875
8 0.41875 0.0875 0.1484375 0.0171875
8 0.5 0.55859375 0.0234375 0.0078125
8 0.5453125 0.7796875 0.0125 0.115625
1 0.31640625 0.83046875 0.040625 0.059375
1 0.43671875 0.68203125 0.0421875 0.059375
1 0.4375 0.6515625 0.0421875 0.05625
1 0.4578125 0.5875 0.059375 0.04375
1 0.48515625 0.440625 0.046875 0.05
1 0.603125 0.5296875 0.0421875 0.065625
1 0.615625 0.48046875 0.040625 0.053125
1 0.709375 0.4359375 0.034375 0.0390625
1 0.61640625 0.390625 0.0421875 0.053125
1 0.66171875 0.390625 0.04375 0.0546875
1 0.61328125 0.3 0.046875 0.065625
1 0.31953125 0.5921875 0.0390625 0.040625
1 0.31953125 0.54921875 0.0375 0.040625
2 0.11171875 0.6375 0.046875 0.065625
2 0.1125 0.5015625 0.046875 0.065625
2 0.87578125 0.48671875 0.0484375 0.065625
2 0.7765625 0.29453125 0.065625 0.05625
0 0.09921875 0.553125 0.0234375 0.040625