0 0.14765625 0.7875 0.009375 0.04375
0 0.14765625 0.559375 0.009375 0.04375
0 0.14765625 0.3296875 0.009375 0.04375
0 0.14765625 0.15703125 0.009375 0.04375
0 0.59375 0.15703125 0.009375 0.04375
0 0.575 0.28125 0.046875 0.0078125
6 0.44849976406250003 0.398773290625 0.4486727734375 0.4447794546875 0.5894587718750001 0.4450650234375 0.5905312 0.285072625 0.4542990734375 0.2846305328125 0.45453115468750005 0.3288397171875 0.5307531640625001 0.32880254062500003 0.5307408734375 0.3987873625 0.44849976406250003 0.398773290625
0 0.575 0.4484375 0.046875 0.009375
0 0.5609375 0.67265625 0.009375 0.046875
0 0.5796875 0.95546875 0.046875 0.0078125
0 0.890625 0.95546875 0.0453125 0.009375
0 0.890625 0.68984375 0.046875 0.009375
8 0.73515625 0.95546875 0.1 0.0078125
8 0.29765625 0.80546875 0.1015625 0.0078125
8 0.14765625 0.68203125 0.0078125 0.096875
8 0.14765625 0.4546875 0.009375 0.096875
8 0.25546875 0.1390625 0.1 0.0078125
8 0.5265625 0.1390625 0.0453125 0.0078125
8 0.59375 0.30703125 0.0078125 0.04375
8 0.59375 0.42265625 0.009375 0.04375
8 0.5609375 0.478125 0.009375 0.0453125
8 0.909375 0.8078125 0.009375 0.0984375
1 0.59140625 0.72421875 0.06875 0.05625
1 0.48671875 0.49140625 0.0375 0.04375
1 0.48046875 0.21015625 0.0375 0.04375
1 0.41015625 0.2390625 0.0609375 0.065625
1 0.3375 0.284375 0.059375 0.0484375
1 0.590625 0.92265625 0.06875 0.0578125