1 0.94375 0.403125 0.01328125 0.05078125
1 0.784375 0.5046875 0.06875 0.0109375
1 0.60859375 0.5015625 0.0640625 0.0125
1 0.5359375 0.5 0.06796875 0.0109375
1 0.4828125 0.4203125 0.0625 0.009375
1 0.4359375 0.4765625 0.0140625 0.0421875
7 0.5546875 0.23125 0.04296875 0.01640625
8 0.40625 0.25390625 0.121875 0.01171875
8 0.30625 0.3359375 0.0140625 0.0828125
7 0.278125 0.4609375 0.01484375 0.034375
8 0.2859375 0.5640625 0.01328125 0.08125
8 0.4265625 0.66640625 0.12109375 0.01171875
8 0.7390625 0.65078125 0.16015625 0.0109375
8 0.7703125 0.23125 0.1484375 0.015625
8 0.253125 0.5 0.04296875 0.01171875
0 0.2796875 0.23671875 0.06953125 0.02890625
0 0.22265625 0.409375 0.078125 0.0359375
0 0.6453125 0.2671875 0.11171875 0.0875
1 0.596875 0.328125 0.015625 0.04375
0 0.89609375 0.2671875 0.1109375 0.0859375
0 0.640625 0.434375 0.153125 0.0203125
0 0.89375 0.434375 0.11484375 0.01875
0 0.5703125 0.615625 0.028125 0.11328125
0 0.271875 0.646875 0.04296875 0.05
6 0.7703125 0.33203125 0.33671875 0.1921875