2 0.1296875 0.1453125 0.0703125 0.121875
1 0.74765625 0.31484375 0.0484375 0.0734375
1 0.809375 0.371875 0.065625 0.053125
1 0.8890625 0.5203125 0.0734375 0.065625
5 0.6046875 0.91484375 0.1125 0.01875
8 0.29296875 0.91484375 0.13125 0.015625
8 0.10234375 0.64453125 0.01875 0.153125
8 0.5921875 0.07890625 0.13125 0.0171875
8 0.809375 0.07734375 0.1109375 0.015625
0 0.11484375 0.07890625 0.0390625 0.015625
0 0.903125 0.078125 0.040625 0.0140625
0 0.9015625 0.9140625 0.040625 0.015625
0 0.11484375 0.91484375 0.0390625 0.015625