0 0.15 0.1171875 0.071875 0.015625
0 0.15 0.45859375 0.071875 0.015625
0 0.7625 0.51328125 0.0734375 0.009375
0 0.475 0.890625 0.071875 0.0125
0 0.76171875 0.890625 0.071875 0.0125
0 0.7625 0.2703125 0.0734375 0.015625
0 0.3921875 0.2703125 0.071875 0.015625
0 0.34609375 0.1171875 0.071875 0.015625
8 0.615625 0.2703125 0.2125 0.015625
8 0.22890625 0.45859375 0.0703125 0.015625
1 0.46015625 0.44296875 0.084375 0.0453125
1 0.3765625 0.484375 0.090625 0.06875
6 0.2484375 0.20078125 0.215625 0.153125