0 0.203125 0.94453125 0.090625 0.025
0 0.171875 0.5359375 0.0265625 0.0484375
0 0.17109375 0.165625 0.03125 0.0546875
0 0.83046875 0.1640625 0.0296875 0.053125
0 0.82890625 0.521875 0.03125 0.05
0 0.80390625 0.94453125 0.0859375 0.025
1 0.396875 0.73984375 0.1125 0.0578125
1 0.3953125 0.43515625 0.0984375 0.065625
1 0.2625 0.35625 0.0984375 0.059375
8 0.1765625 0.62890625 0.034375 0.08125
8 0.4984375 0.946875 0.153125 0.0390625
8 0.8265625 0.6109375 0.040625 0.09375
8 0.82734375 0.259375 0.065625 0.084375