0 0.596875 0.26484375 0.040625 0.03359375
0 0.28125 0.28125 0.040625 0.0328125
0 0.28125 0.5390625 0.0421875 0.03203125
0 0.6390625 0.57421875 0.06796875 0.021875
1 0.5265625 0.5734375 0.009375 0.0328125
1 0.4984375 0.51484375 0.04609375 0.00625
1 0.52734375 0.47890625 0.009375 0.0328125
1 0.46875 0.43984375 0.01015625 0.0359375
1 0.58203125 0.4125 0.009375 0.034375
1 0.6734375 0.4359375 0.04453125 0.00859375
1 0.7484375 0.2984375 0.01171875 0.0484375
4 0.52734375 0.6421875 0.009375 0.04140625
8 0.26796875 0.61953125 0.01875 0.07734375
8 0.2703125 0.484375 0.0203125 0.08046875
8 0.2546875 0.34609375 0.01171875 0.0765625
8 0.6171875 0.5109375 0.015625 0.025
8 0.6171875 0.54296875 0.0125 0.02421875
8 0.721875 0.4359375 0.04140625 0.00859375