0 0.8640625 0.22421875 0.0171875 0.04375
0 0.434375 0.16171875 0.05 0.015625
0 0.41953125 0.49921875 0.01875 0.046875
0 0.59296875 0.56328125 0.01875 0.04375
0 0.128125 0.528125 0.015625 0.04375
0 0.128125 0.803125 0.01875 0.04375
0 0.1265625 0.1828125 0.015625 0.04375
0 0.5140625 0.81796875 0.05 0.015625
0 0.86328125 0.80390625 0.01875 0.0453125
0 0.86328125 0.4984375 0.01875 0.046875
1 0.56328125 0.49921875 0.0796875 0.059375
1 0.6359375 0.78984375 0.065625 0.0640625
1 0.4484375 0.61640625 0.0609375 0.0640625
1 0.38359375 0.68359375 0.065625 0.059375
1 0.28203125 0.5734375 0.065625 0.05625
1 0.375 0.19375 0.065625 0.0625
8 0.225 0.80546875 0.084375 0.0390625
8 0.79296875 0.21328125 0.059375 0.03125
8 0.715625 0.21328125 0.0625 0.028125
8 0.1265625 0.2921875 0.021875 0.053125
8 0.1265625 0.39921875 0.025 0.05625