0 0.04140625 0.765625 0.0109375 0.053125
0 0.95390625 0.7859375 0.03125 0.0125
0 0.96484375 0.4046875 0.0125 0.0359375
0 0.8484375 0.17421875 0.0109375 0.0375
0 0.20390625 0.1890625 0.0109375 0.065625
0 0.0421875 0.428125 0.0125 0.0625
8 0.04140625 0.58984375 0.0109375 0.18125
8 0.10234375 0.40234375 0.059375 0.015625
8 0.84765625 0.271875 0.0109375 0.096875
8 0.96484375 0.58984375 0.009375 0.18125
1 0.3578125 0.61875 0.059375 0.065625
1 0.24375 0.378125 0.059375 0.0625
1 0.2875 0.5046875 0.0734375 0.10625
1 0.6 0.61875 0.059375 0.0625
1 0.57890625 0.52890625 0.071875 0.103125
1 0.68046875 0.3671875 0.059375 0.0625
6 0.5171875 0.3125 0.234375 0.2875