0 0.7109375 0.8578125 0.05625 0.01875
0 0.31484375 0.8578125 0.05625 0.01875
0 0.27421875 0.69921875 0.05625 0.01875
0 0.09453125 0.69921875 0.05625 0.01875
0 0.0953125 0.1984375 0.05625 0.01875
0 0.4171875 0.1984375 0.05625 0.01875
0 0.8640625 0.21328125 0.021875 0.0484375
0 0.8640625 0.68125 0.021875 0.05
0 0.74765625 0.696875 0.05625 0.01875
0 0.61328125 0.57578125 0.021875 0.046875
0 0.4171875 0.565625 0.05625 0.01875
8 0.8640625 0.3125 0.01875 0.075
8 0.8640625 0.54140625 0.01875 0.075
8 0.0765625 0.2625 0.01875 0.059375
8 0.0765625 0.5078125 0.01875 0.059375
8 0.16796875 0.6984375 0.05625 0.0171875
8 0.29453125 0.78671875 0.015625 0.0578125
8 0.7296875 0.73359375 0.0203125 0.046875
8 0.7296875 0.8203125 0.0203125 0.0484375
1 0.7609375 0.5703125 0.065625 0.05625
1 0.68515625 0.62265625 0.071875 0.06875
1 0.64765625 0.30078125 0.090625 0.075
1 0.4 0.30234375 0.090625 0.078125
1 0.39921875 0.4609375 0.090625 0.08125
1 0.48515625 0.53359375 0.0734375 0.06875
1 0.2578125 0.603125 0.0875 0.0765625
5 0.7453125 0.2578125 0.221875 0.009375
5 0.52421875 0.259375 0.1375 0.0125
5 0.1796875 0.56171875 0.1 0.009375
1 0.35703125 0.32109375 0.0609375 0.05625
5 0.55859375 0.7375 0.0109375 0.1890625
6 0.5703125 0.440625 0.065625 0.3515625