8 0.94140625 0.36796875 0.028125 0.0765625
8 0.1765625 0.41640625 0.0265625 0.0375
8 0.1765625 0.57578125 0.028125 0.078125
8 0.17265625 0.7609375 0.0171875 0.153125
8 0.45 0.88046875 0.053125 0.021875
1 0.63671875 0.6328125 0.065625 0.078125
1 0.396875 0.50234375 0.040625 0.059375
1 0.32734375 0.46015625 0.04375 0.059375
1 0.41328125 0.409375 0.0515625 0.0453125
6 0.5796875 0.41640625 0.1390625 0.1140625
1 0.69921875 0.44765625 0.065625 0.08125
2 0.92265625 0.18671875 0.06875 0.084375
1 0.2921875 0.3328125 0.065625 0.04375
1 0.7234375 0.7015625 0.0609375 0.04375
0 0.17265625 0.8625 0.01875 0.0546875
0 0.74296875 0.8640625 0.01875 0.0546875
0 0.27109375 0.0796875 0.021875 0.059375
0 0.94296875 0.08125 0.025 0.05625