0 0.346875 0.128125 0.0265625 0.0171875
0 0.334375 0.32421875 0.0265625 0.0171875
0 0.24296875 0.32734375 0.0265625 0.0171875
0 0.24296875 0.51640625 0.0265625 0.0171875
0 0.2390625 0.596875 0.01875 0.025
0 0.2390625 0.8359375 0.01875 0.025
0 0.68125 0.8359375 0.01875 0.025
0 0.68125 0.5890625 0.01875 0.025
0 0.79921875 0.5828125 0.0265625 0.0171875
0 0.6796875 0.128125 0.0265625 0.0171875
0 0.79921875 0.32734375 0.0265625 0.0171875
2 0.72421875 0.56875 0.0671875 0.0453125
2 0.7921875 0.5296875 0.040625 0.0453125
2 0.7921875 0.36015625 0.040625 0.0453125
8 0.51328125 0.12421875 0.0359375 0.009375
8 0.68515625 0.2296875 0.0140625 0.021875
8 0.68515625 0.27109375 0.0140625 0.0328125
8 0.803125 0.39453125 0.0171875 0.021875
8 0.803125 0.56328125 0.01875 0.021875
2 0.66953125 0.63125 0.040625 0.0453125
8 0.68046875 0.72265625 0.0171875 0.021875
8 0.55078125 0.84140625 0.0671875 0.0140625
8 0.2390625 0.75234375 0.0171875 0.040625
8 0.2390625 0.63984375 0.0171875 0.03125
8 0.2859375 0.57578125 0.0078125 0.021875
8 0.2390625 0.45078125 0.0171875 0.0515625
8 0.2390625 0.3703125 0.0171875 0.021875
8 0.340625 0.178125 0.0140625 0.0828125
8 0.340625 0.26953125 0.0140625 0.084375
1 0.36953125 0.3453125 0.04375 0.053125
1 0.36875 0.3671875 0.0421875 0.04375
1 0.315625 0.5484375 0.034375 0.028125
1 0.3828125 0.57890625 0.0328125 0.028125
1 0.41953125 0.584375 0.0421875 0.040625
1 0.38046875 0.63671875 0.0359375 0.0328125
1 0.3796875 0.71953125 0.0375 0.0328125
1 0.38046875 0.79375 0.0359375 0.0328125
1 0.46796875 0.7953125 0.0375 0.0328125
1 0.50078125 0.75546875 0.0421875 0.04375
1 0.5375 0.7203125 0.03125 0.0296875
1 0.5015625 0.684375 0.04375 0.04375