0 0.121875 0.86171875 0.04375 0.0171875
0 0.12109375 0.246875 0.040625 0.0171875
0 0.58984375 0.05390625 0.034375 0.0171875
0 0.88046875 0.2953125 0.0296875 0.0125
1 0.35078125 0.5703125 0.05625 0.059375
1 0.29296875 0.4953125 0.0625 0.090625
1 0.19609375 0.42578125 0.046875 0.0515625
1 0.290625 0.334375 0.0484375 0.053125
1 0.39765625 0.24921875 0.053125 0.0765625
1 0.64921875 0.32578125 0.0671875 0.075
1 0.73359375 0.3984375 0.0625 0.090625
8 0.19609375 0.246875 0.046875 0.0171875
8 0.22421875 0.209375 0.009375 0.053125
8 0.346875 0.29296875 0.046875 0.0125
8 0.4171875 0.13671875 0.0140625 0.15
8 0.3240621875 0.9077046546875 0.32409360625 0.86914040625 0.313863928125 0.8692705546875 0.3137926109375 0.9236668453125001 0.37669376718750003 0.9238451937500001 0.3767008984375 0.9077046546875 0.3240621875 0.9077046546875
8 0.494159178125 0.9077849109375 0.44152046718750004 0.9077046546875 0.44152046718750004 0.9238451937500001 0.5044929390624999 0.9236668453125001 0.5044287546875 0.8682985546875001 0.4943517328125 0.8682985546875001 0.494159178125 0.9077849109375