0 0.109375 0.11875 0.0296875 0.0078125
0 0.109375 0.3484375 0.0296875 0.0078125
0 0.246875 0.51640625 0.0296875 0.0078125
0 0.2578125 0.871875 0.0296875 0.0078125
0 0.55 0.871875 0.0296875 0.0078125
0 0.88984375 0.80859375 0.0296875 0.0078125
0 0.54765625 0.51640625 0.028125 0.0078125
0 0.88984375 0.11875 0.0296875 0.0078125
0 0.5578125 0.11875 0.028125 0.0078125
0 0.41328125 0.11796875 0.0296875 0.0078125
2 0.24375 0.33046875 0.0796875 0.04375
8 0.0984375 0.23046875 0.009375 0.115625
8 0.19609375 0.51640625 0.0453125 0.0078125
8 0.403125 0.871875 0.084375 0.0078125
8 0.9 0.74140625 0.009375 0.0515625
8 0.9 0.5796875 0.009375 0.059375
8 0.9 0.44765625 0.009375 0.0859375
8 0.9 0.24921875 0.009375 0.0953125
8 0.48515625 0.09921875 0.0859375 0.0078125
8 0.33828125 0.11796875 0.0375 0.0078125
1 0.32109375 0.21484375 0.0484375 0.046875
1 0.31796875 0.33203125 0.0421875 0.040625
1 0.15859375 0.40859375 0.0640625 0.053125
1 0.51640625 0.4328125 0.0375 0.0390625
1 0.63203125 0.2421875 0.04375 0.046875
1 0.634375 0.56015625 0.0546875 0.04375
1 0.59921875 0.78984375 0.040625 0.04375