0 0.86875 0.86640625 0.040625 0.01875
0 0.1078125 0.86640625 0.040625 0.01875
0 0.1078125 0.2328125 0.0421875 0.01875
0 0.61171875 0.1 0.040625 0.0171875
0 0.86875 0.10078125 0.040625 0.0171875
8 0.7421875 0.86640625 0.1203125 0.01875
8 0.475 0.86640625 0.1203125 0.01875
8 0.2203125 0.86640625 0.1203125 0.01875
8 0.8796875 0.721875 0.01875 0.1125
8 0.09609375 0.72265625 0.01875 0.1125
8 0.09609375 0.56484375 0.0171875 0.0375
8 0.215625 0.2328125 0.1203125 0.01875
8 0.44375 0.23359375 0.1203125 0.01875
8 0.740625 0.10078125 0.1203125 0.015625
8 0.8796875 0.440625 0.01875 0.0375
1 0.64140625 0.64453125 0.05625 0.06875
1 0.3078125 0.6453125 0.059375 0.071875
1 0.1328125 0.6 0.040625 0.05625
1 0.73828125 0.49609375 0.0671875 0.046875
1 0.64140625 0.34375 0.0578125 0.06875
1 0.55859375 0.259375 0.059375 0.071875
1 0.30546875 0.48203125 0.0578125 0.075