0 0.4859375 0.9 0.0125 0.0375
0 0.0953125 0.9 0.0125 0.0375
0 0.0953125 0.65078125 0.0125 0.034375
0 0.11171875 0.328125 0.046875 0.009375
0 0.0953125 0.1109375 0.0125 0.0359375
0 0.5421875 0.1109375 0.0125 0.0359375
0 0.375 0.27734375 0.046875 0.009375
0 0.48203125 0.65078125 0.0125 0.0375
0 0.77421875 0.62421875 0.0125 0.0375
0 0.775 0.28984375 0.0125 0.0359375
8 0.28828125 0.91328125 0.15 0.009375
8 0.48203125 0.77578125 0.0125 0.11875
8 0.628125 0.6375 0.1515625 0.009375
8 0.775 0.4578125 0.0125 0.11875
8 0.44609375 0.0984375 0.1515625 0.009375
8 0.190625 0.0984375 0.1515625 0.009375
8 0.0953125 0.77578125 0.0125 0.11875
8 0.0953125 0.584375 0.0125 0.053125
8 0.0953125 0.49296875 0.0109375 0.053125
1 0.1390625 0.6078125 0.0765625 0.0703125
1 0.13828125 0.4265625 0.0765625 0.06875
1 0.4390625 0.6671875 0.075 0.06875
2 0.65859375 0.2984375 0.10625 0.05