0 0.9421875 0.16015625 0.0296875 0.0578125
0 0.08046875 0.1515625 0.03125 0.040625
0 0.08046875 0.84453125 0.03125 0.05
0 0.9484375 0.85078125 0.015625 0.0375
8 0.85703125 0.140625 0.0578125 0.01875
8 0.6703125 0.140625 0.0578125 0.01875
8 0.34765625 0.140625 0.128125 0.01875
8 0.08046875 0.2515625 0.03125 0.08125
8 0.08046875 0.5734375 0.03125 0.08125
8 0.08046875 0.7671875 0.03125 0.0828125
8 0.7828125 0.8609375 0.128125 0.01875
8 0.44765625 0.8609375 0.128125 0.01875
8 0.22578125 0.8609375 0.128125 0.01875
8 0.9421875 0.3765625 0.028125 0.08125
8 0.9421875 0.5328125 0.0296875 0.0375
8 0.9421875 0.63046875 0.0296875 0.0359375
8 0.9484375 0.765625 0.015625 0.08125
1 0.865625 0.259375 0.08125 0.05625
1 0.71953125 0.26328125 0.0640625 0.046875
1 0.53984375 0.35546875 0.08125 0.05625
1 0.65390625 0.49609375 0.08125 0.05625
1 0.7390625 0.56484375 0.05 0.04375
1 0.73671875 0.634375 0.0453125 0.0421875
1 0.6546875 0.6859375 0.0796875 0.05625
2 0.08828125 0.4421875 0.0453125 0.0625