1 0.5546875 0.3328125 0.08046875 0.0890625
1 0.64921875 0.4328125 0.109375 0.07890625
1 0.64765625 0.55859375 0.1046875 0.0765625
1 0.51640625 0.85234375 0.08671875 0.10078125
8 0.3109375 0.8921875 0.07265625 0.025
8 0.7296875 0.89140625 0.07265625 0.0265625
8 0.85234375 0.78046875 0.01796875 0.065625
8 0.85234375 0.6921875 0.021875 0.06484375
8 0.853125 0.26015625 0.02265625 0.0703125
8 0.85234375 0.1796875 0.02421875 0.06640625
0 0.17890625 0.09609375 0.06328125 0.0265625
0 0.521875 0.09609375 0.0609375 0.025
0 0.8296875 0.09609375 0.0578125 0.021875
0 0.834375 0.49453125 0.06484375 0.0234375
0 0.521875 0.49453125 0.065625 0.028125
0 0.178125 0.4953125 0.0625 0.02578125
0 0.17890625 0.89140625 0.059375 0.021875
0 0.83203125 0.890625 0.0609375 0.02265625