8 0.17734375 0.3828125 0.1546875 0.01171875
8 0.6296875 0.3828125 0.15859375 0.01171875
8 0.734375 0.35546875 0.0109375 0.053125
8 0.734375 0.30078125 0.009375 0.03359375
8 0.8515625 0.196875 0.02890625 0.0078125
8 0.921875 0.2890625 0.05546875 0.0078125
8 0.80390625 0.7640625 0.1359375 0.0125
8 0.44453125 0.76328125 0.146875 0.01171875
8 0.14375 0.72578125 0.06796875 0.009375
1 0.325 0.43671875 0.01015625 0.02890625
1 0.30390625 0.46875 0.0359375 0.00859375
1 0.3828125 0.5078125 0.03671875 0.0078125
1 0.35234375 0.5234375 0.009375 0.0234375
1 0.45234375 0.5078125 0.0453125 0.00859375
1 0.4515625 0.459375 0.04375 0.0078125
1 0.409375 0.4421875 0.0109375 0.0265625
1 0.803125 0.45390625 0.04765625 0.0078125
1 0.93046875 0.421875 0.046875 0.0078125
1 0.78125 0.32734375 0.04453125 0.00703125
1 0.8875 0.3109375 0.009375 0.03359375
1 0.8390625 0.2796875 0.04609375 0.0078125
1 0.80703125 0.253125 0.0078125 0.0234375
1 0.7515625 0.25234375 0.00859375 0.02265625
1 0.8078125 0.221875 0.01171875 0.0359375
1 0.7578125 0.52890625 0.0375 0.00703125
1 0.778125 0.5640625 0.009375 0.02890625
1 0.46875 0.546875 0.03828125 0.00703125
1 0.4453125 0.58125 0.00859375 0.02890625
1 0.375 0.5671875 0.03359375 0.0078125
1 0.10859375 0.6140625 0.009375 0.02578125
1 0.15234375 0.58125 0.0359375 0.0078125
8 0.27890625 0.68671875 0.146875 0.009375
1 0.203125 0.54375 0.01328125 0.0296875
0 0.0890625 0.44453125 0.03828125 0.13515625
0 0.0890625 0.71171875 0.0375 0.13515625
0 0.1953125 0.7125 0.03125 0.1359375
0 0.3625 0.70234375 0.02890625 0.13359375
0 0.53515625 0.7265625 0.04375 0.08671875
0 0.72265625 0.703125 0.0375 0.13359375
0 0.88125 0.7203125 0.03046875 0.11953125
0 0.965625 0.46875 0.02578125 0.09921875
0 0.8796875 0.40625 0.02578125 0.1046875
0 0.721875 0.4171875 0.03828125 0.08203125
0 0.534375 0.40859375 0.0453125 0.0640625
0 0.33125 0.3859375 0.16484375 0.01640625
0 0.965625 0.315625 0.025 0.0703125
0 0.965625 0.21015625 0.02578125 0.0609375
0 0.878125 0.23671875 0.03515625 0.1125
0 0.72265625 0.234375 0.0359375 0.10625