1 0.48515625 0.24921875 0.0796875 0.10625
1 0.5890625 0.32578125 0.0734375 0.053125
1 0.6140625 0.2421875 0.06875 0.090625
1 0.19140625 0.3265625 0.11875 0.078125
1 0.5140625 0.49609375 0.0796875 0.09375
1 0.44375 0.5625 0.075 0.053125
1 0.5109375 0.62265625 0.0671875 0.0703125
1 0.50703125 0.80390625 0.10625 0.0625
8 0.8609375 0.7046875 0.075 0.1171875
8 0.1625 0.61953125 0.059375 0.071875
8 0.86015625 0.334375 0.075 0.115625
8 0.27734375 0.2296875 0.1203125 0.06875
0 0.15859375 0.7484375 0.059375 0.025
0 0.83203125 0.9296875 0.05625 0.025
0 0.83125 0.21015625 0.0578125 0.0265625
0 0.159375 0.21015625 0.059375 0.028125