0 0.7984375 0.86640625 0.04375 0.021875
0 0.39609375 0.86640625 0.0453125 0.01875
0 0.37890625 0.62578125 0.01875 0.0484375
0 0.80625 0.525 0.03125 0.05
0 0.803125 0.13203125 0.034375 0.05
0 0.0953125 0.13046875 0.028125 0.046875
8 0.09375 0.521875 0.028125 0.0484375
8 0.8078125 0.3140625 0.03125 0.1078125
8 0.50546875 0.11796875 0.10625 0.0234375
8 0.09765625 0.43046875 0.0390625 0.0796875
8 0.596875 0.86328125 0.1078125 0.034375
1 0.69375 0.453125 0.0671875 0.06875
1 0.42109375 0.375 0.0546875 0.06875
1 0.29140625 0.40234375 0.0625 0.0796875
8 0.8125 0.7015625 0.028125 0.1171875
6 0.546875 0.475 0.0859375 0.121875
1 0.48203125 0.503125 0.053125 0.08125
1 0.40625 0.57265625 0.0734375 0.0625
2 0.1125 0.234375 0.0703125 0.084375
2 0.3203125 0.140625 0.0953125 0.078125
2 0.68984375 0.1421875 0.09375 0.078125