0 0.1359375 0.08515625 0.0375 0.021875
0 0.88828125 0.8875 0.046875 0.015625
0 0.609375 0.08515625 0.059375 0.021875
8 0.5203125 0.8875 0.2125 0.015625
8 0.12421875 0.3375 0.0125 0.190625
8 0.90546875 0.58828125 0.0140625 0.196875
1 0.52421875 0.23515625 0.06875 0.096875
1 0.60546875 0.440625 0.0671875 0.096875
1 0.52421875 0.440625 0.06875 0.096875
1 0.58671875 0.534375 0.059375 0.065625
1 0.6625 0.82109375 0.0671875 0.096875
5 0.83125 0.80546875 0.1125 0.009375
6 0.3109375 0.73984375 0.359375 0.278125
0 0.1515625 0.8875 0.06875 0.015625
8 0.12421875 0.740625 0.0125 0.1921875
1 0.44765625 0.56328125 0.06875 0.075