0 0.203125 0.86015625 0.05 0.025
0 0.6296875 0.84140625 0.01796875 0.06171875
0 0.80390625 0.740625 0.01875 0.0625
0 0.803125 0.13671875 0.0203125 0.06171875
0 0.5640625 0.37734375 0.01953125 0.0625
0 0.203125 0.39609375 0.05 0.0234375
8 0.384375 0.39765625 0.11484375 0.0328125
8 0.18671875 0.6421875 0.025 0.140625
8 0.32421875 0.86171875 0.1125 0.0296875
8 0.53125 0.8609375 0.0578125 0.0265625
8 0.803125 0.57265625 0.02265625 0.13828125
1 0.51328125 0.45625 0.071875 0.103125
1 0.48359375 0.73515625 0.0671875 0.09765625
1 0.75625 0.73359375 0.071875 0.08359375
6 0.68203125 0.2765625 0.22421875 0.30234375