0 0.2140625 0.23828125 0.021875 0.03125
0 0.3296875 0.765625 0.0109375 0.03125
0 0.665625 0.765625 0.0109375 0.03125
8 0.50625 0.228125 0.1484375 0.0109375
8 0.31484375 0.228125 0.090625 0.0125
8 0.21484375 0.42109375 0.0203125 0.021875
8 0.21484375 0.44921875 0.01875 0.021875
8 0.33359375 0.534375 0.021875 0.0203125
8 0.32890625 0.63359375 0.009375 0.01875
8 0.41875 0.7765625 0.14375 0.009375
8 0.57578125 0.77578125 0.1390625 0.009375
8 0.8453125 0.5953125 0.0203125 0.028125
8 0.84453125 0.5328125 0.01875 0.05
8 0.7109375 0.421875 0.01875 0.08125
1 0.32265625 0.41171875 0.04375 0.0375
1 0.35859375 0.446875 0.04375 0.0375
1 0.38046875 0.38828125 0.05 0.034375
1 0.3578125 0.48984375 0.04375 0.0390625
6 0.5046875 0.546875 0.103125 0.08125
1 0.775 0.596875 0.0578125 0.040625
1 0.75234375 0.4875 0.059375 0.040625
0 0.7109375 0.23984375 0.01875 0.034375
8 0.7109375 0.2984375 0.01875 0.084375
1 0.48046875 0.56796875 0.059375 0.040625