0 0.103125 0.1875 0.0125 0.0265625
0 0.10234375 0.5203125 0.0125 0.025
0 0.33046875 0.52734375 0.0125 0.0265625
0 0.33046875 0.6203125 0.0125 0.0265625
0 0.74921875 0.63203125 0.015625 0.0265625
0 0.74921875 0.97109375 0.015625 0.0265625
0 0.96875 0.97109375 0.0125 0.0265625
0 0.96796875 0.71875 0.0125 0.025
0 0.83828125 0.25390625 0.0125 0.0265625
0 0.234375 0.1875 0.0125 0.0265625
8 0.13984375 0.2484375 0.03125 0.0140625
8 0.20078125 0.2484375 0.03125 0.015625
8 0.83828125 0.296875 0.0125 0.028125
8 0.83828125 0.4078125 0.0125 0.028125
8 0.82421875 0.503125 0.0125 0.03125
8 0.82421875 0.6671875 0.0125 0.028125
8 0.921875 0.71171875 0.03125 0.0125
1 0.2109375 0.425 0.05 0.0375
1 0.25390625 0.47109375 0.0390625 0.040625
1 0.2828125 0.37734375 0.0359375 0.0390625
1 0.465625 0.37734375 0.046875 0.040625
1 0.4671875 0.47265625 0.04375 0.0421875
1 0.5296875 0.38125 0.0328125 0.034375
1 0.62734375 0.31484375 0.028125 0.03125
1 0.62578125 0.40390625 0.025 0.03125
1 0.7875 0.69609375 0.034375 0.0421875
2 0.521875 0.5578125 0.046875 0.028125
2 0.603125 0.5828125 0.065625 0.034375
2 0.82265625 0.3515625 0.0453125 0.059375
2 0.8046875 0.58359375 0.053125 0.071875
1 0.70078125 0.5796875 0.028125 0.0296875
6 0.6875 0.47734375 0.259375 0.0515625
5 0.23125 0.321875 0.009375 0.071875