0 0.06796875 0.834375 0.025 0.015625
0 0.1890625 0.83125 0.0203125 0.021875
0 0.34375 0.83125 0.01875 0.021875
0 0.440625 0.83125 0.0203125 0.021875
0 0.59609375 0.83125 0.0203125 0.021875
0 0.8671875 0.83125 0.0203125 0.021875
0 0.59609375 0.5015625 0.01875 0.021875
0 0.3421875 0.5015625 0.0203125 0.021875
0 0.1859375 0.50703125 0.0140625 0.0328125
0 0.0734375 0.396875 0.0375 0.021875
0 0.8671875 0.190625 0.0203125 0.0234375
0 0.71484375 0.19140625 0.01875 0.021875
0 0.59609375 0.190625 0.01875 0.021875
0 0.396875 0.190625 0.0203125 0.021875
0 0.190625 0.190625 0.0203125 0.021875
0 0.0640625 0.190625 0.021875 0.021875
6 0.3921875 0.7140625 0.078125 0.2125
5 0.6015625 0.6984375 0.00625 0.1671875
8 0.1828125 0.66640625 0.0078125 0.203125
1 0.10234375 0.4515625 0.0609375 0.0875
1 0.31328125 0.53203125 0.0375 0.08125
1 0.3640625 0.48203125 0.025 0.0609375
1 0.4625 0.5328125 0.0390625 0.0828125
1 0.58359375 0.4609375 0.04375 0.059375
1 0.72578125 0.41484375 0.0421875 0.05625
1 0.72890625 0.340625 0.05 0.06875
1 0.42265625 0.35546875 0.0453125 0.0625