1 0.83125 0.2484375 0.121875 0.0484375
1 0.38828125 0.5328125 0.096875 0.053125
1 0.45546875 0.7140625 0.1 0.05625
1 0.18359375 0.6671875 0.11875 0.053125
1 0.17421875 0.5359375 0.103125 0.059375
8 0.62109375 0.18046875 0.0953125 0.028125
8 0.71796875 0.8296875 0.09375 0.0359375
8 0.2734375 0.8296875 0.096875 0.0359375
6 0.75859375 0.49296875 0.190625 0.15625
1 0.628125 0.596875 0.0859375 0.0453125
0 0.840625 0.18046875 0.096875 0.03125
0 0.8421875 0.8296875 0.0984375 0.0328125
0 0.1515625 0.83125 0.0921875 0.034375
0 0.153125 0.18046875 0.103125 0.0328125