0 0.2015625 0.1203125 0.02421875 0.0125
0 0.51328125 0.11953125 0.0234375 0.0109375
0 0.5203125 0.33359375 0.025 0.0109375
0 0.60703125 0.33359375 0.02421875 0.0109375
0 0.61875 0.72578125 0.025 0.01484375
0 0.9359375 0.72578125 0.02421875 0.01484375
0 0.9359375 0.93125 0.025 0.0109375
0 0.69921875 0.93125 0.02421875 0.0109375
0 0.2640625 0.809375 0.025 0.01171875
0 0.2015625 0.24375 0.025 0.0109375
8 0.25859375 0.15546875 0.01328125 0.028125
8 0.25859375 0.21171875 0.01328125 0.02890625
8 0.30390625 0.809375 0.0265625 0.0125
8 0.4078125 0.809375 0.02578125 0.0125
8 0.49765625 0.79609375 0.028125 0.0125
8 0.65078125 0.79609375 0.02578125 0.0125
8 0.69296875 0.8875 0.0109375 0.028125
1 0.42421875 0.221875 0.0359375 0.046875
1 0.46796875 0.26171875 0.0375 0.03671875
1 0.3796875 0.2890625 0.0359375 0.03359375
1 0.3796875 0.46015625 0.0390625 0.04296875
1 0.46875 0.46171875 0.03984375 0.040625
1 0.3828125 0.5203125 0.03203125 0.03125
1 0.32109375 0.61171875 0.0296875 0.02578125
1 0.4046875 0.61015625 0.0296875 0.0234375
1 0.678125 0.76171875 0.03984375 0.0328125
2 0.5484375 0.5125 0.02578125 0.04296875
2 0.571875 0.5890625 0.0328125 0.0609375
2 0.35546875 0.79453125 0.05546875 0.04296875
2 0.5734375 0.778125 0.06640625 0.04921875
1 0.56953125 0.68125 0.02734375 0.02734375
6 0.47265625 0.66796875 0.0484375 0.24375
5 0.32734375 0.240625 0.06640625 0.0078125