0 0.846875 0.04921875 0.0375 0.009375
0 0.9296875 0.04921875 0.03125 0.009375
0 0.940625 0.0640625 0.0109375 0.01875
0 0.096875 0.04921875 0.0375 0.009375
0 0.096875 0.32578125 0.0375 0.009375
0 0.3265625 0.32578125 0.0375 0.009375
0 0.5203125 0.32578125 0.0375 0.009375
0 0.546875 0.52734375 0.0375 0.009375
0 0.846875 0.52734375 0.0375 0.009375
0 0.32578125 0.52890625 0.0375 0.009375
0 0.846875 0.98359375 0.0375 0.0109375
0 0.546875 0.98359375 0.0375 0.0109375
0 0.31328125 0.98359375 0.0375 0.0109375
0 0.09765625 0.98359375 0.0375 0.0109375
0 0.08359375 0.96875 0.0109375 0.01875
0 0.096875 0.63046875 0.0375 0.009375
1 0.503125 0.44765625 0.071875 0.059375
1 0.41796875 0.48984375 0.071875 0.059375
1 0.83046875 0.7296875 0.071875 0.059375
8 0.8609375 0.59375 0.009375 0.121875
8 0.8609375 0.87421875 0.0109375 0.11875
8 0.71015625 0.98359375 0.121875 0.0109375
8 0.41328125 0.98359375 0.121875 0.0109375
5 0.29921875 0.72421875 0.0125 0.1125
5 0.29921875 0.89609375 0.0125 0.1125
5 0.20234375 0.63125 0.11875 0.0125
6 0.665625 0.58046875 0.25625 0.0953125
8 0.08359375 0.46953125 0.0109375 0.175
5 0.9390625 0.28828125 0.0125 0.284375