0 0.76953125 0.2 0.034375 0.071875
0 0.5046875 0.18359375 0.0609375 0.0390625
0 0.228125 0.2 0.03125 0.071875
0 0.49921875 0.44453125 0.03125 0.06875
0 0.140625 0.42734375 0.034375 0.075
0 0.76953125 0.540625 0.0375 0.0703125
0 0.76953125 0.8328125 0.0328125 0.06875
0 0.140625 0.83359375 0.0359375 0.071875
8 0.68046875 0.85078125 0.0671875 0.0390625
8 0.575 0.85078125 0.065625 0.0375
8 0.3640625 0.85 0.0671875 0.0390625
8 0.25078125 0.84921875 0.065625 0.040625
8 0.16015625 0.6328125 0.075 0.153125
1 0.54609375 0.30625 0.059375 0.06875
1 0.4734375 0.3765625 0.08125 0.0640625
1 0.575 0.3796875 0.0640625 0.06875
1 0.259375 0.36796875 0.075 0.0703125