7 0.3359375 0.3453125 0.01015625 0.02734375
7 0.625 0.34609375 0.0109375 0.02578125
7 0.5921875 0.51953125 0.03359375 0.009375
1 0.334375 0.4109375 0.00859375 0.0359375
1 0.4984375 0.4078125 0.00546875 0.040625
1 0.65 0.3875 0.0484375 0.009375
1 0.865625 0.3265625 0.0546875 0.0109375
4 0.6828125 0.4296875 0.03984375 0.00859375
1 0.5328125 0.42890625 0.04296875 0.0078125
1 0.5578125 0.46953125 0.01015625 0.0375
4 0.38125 0.428125 0.05234375 0.0078125
8 0.3328125 0.571875 0.14765625 0.0078125
8 0.48203125 0.57265625 0.146875 0.0078125
8 0.8234375 0.528125 0.14140625 0.00859375
0 0.2578125 0.44921875 0.01640625 0.25703125
0 0.5640625 0.54921875 0.021875 0.05546875
0 0.74609375 0.54921875 0.0265625 0.0578125
0 0.82578125 0.32265625 0.01875 0.02265625
0 0.628125 0.321875 0.01796875 0.01953125