5 0.39453125 0.92421875 0.159375 0.01875
2 0.7109375 0.84375 0.0734375 0.0765625
1 0.78828125 0.7359375 0.0671875 0.0734375
8 0.93125 0.65859375 0.028125 0.059375
1 0.63671875 0.51015625 0.0828125 0.046875
1 0.403125 0.515625 0.0546875 0.053125
1 0.3359375 0.46796875 0.0625 0.046875
1 0.4703125 0.35625 0.0640625 0.06875
1 0.540625 0.35546875 0.0734375 0.04375
1 0.4734375 0.46953125 0.0546875 0.0515625
8 0.1046875 0.4375 0.028125 0.05625
8 0.2625 0.5609375 0.0265625 0.0328125
8 0.26328125 0.66796875 0.0265625 0.05625
8 0.784375 0.37578125 0.0265625 0.03125
0 0.11875 0.53203125 0.05625 0.015625
0 0.11875 0.07890625 0.0578125 0.015625
0 0.76875 0.078125 0.05625 0.015625
0 0.91796875 0.76328125 0.05625 0.01875
0 0.7171875 0.92421875 0.0578125 0.0171875
0 0.27734375 0.92421875 0.05625 0.0171875