0 0.1390625 0.1390625 0.040625 0.0171875
0 0.88046875 0.1390625 0.040625 0.0171875
0 0.88046875 0.75546875 0.040625 0.01875
0 0.3890625 0.884375 0.0390625 0.0171875
0 0.1390625 0.88359375 0.040625 0.015625
8 0.2625 0.1390625 0.1171875 0.0171875
8 0.52265625 0.1390625 0.1171875 0.0171875
8 0.7703125 0.1390625 0.1171875 0.0171875
8 0.128125 0.2796875 0.0171875 0.109375
8 0.89140625 0.278125 0.01875 0.109375
8 0.89140625 0.43203125 0.0171875 0.0375
8 0.775 0.75546875 0.1171875 0.01875
8 0.553125 0.7546875 0.1171875 0.01875
8 0.2640625 0.88359375 0.1171875 0.015625
8 0.128125 0.553125 0.01875 0.0359375
1 0.3609375 0.3546875 0.0546875 0.0671875
1 0.68515625 0.35390625 0.0578125 0.0703125
1 0.85546875 0.3984375 0.040625 0.0546875
1 0.26640625 0.49921875 0.065625 0.0453125
1 0.36015625 0.646875 0.05625 0.0671875
1 0.440625 0.7296875 0.0578125 0.0703125
1 0.6875 0.51328125 0.0578125 0.0734375