0 0.50078125 0.11328125 0.01171875 0.03515625
0 0.12578125 0.11328125 0.01171875 0.03515625
0 0.12578125 0.35234375 0.01171875 0.034375
0 0.1421875 0.66171875 0.04453125 0.009375
0 0.12578125 0.86953125 0.01171875 0.03515625
0 0.55390625 0.86953125 0.0125 0.034375
0 0.39375 0.71015625 0.04453125 0.01015625
0 0.496875 0.35234375 0.0125 0.03515625
0 0.77734375 0.37734375 0.0125 0.03515625
0 0.77734375 0.69765625 0.0125 0.034375
8 0.3109375 0.1 0.14453125 0.009375
8 0.496875 0.2328125 0.01171875 0.1140625
8 0.63671875 0.36484375 0.1453125 0.009375
8 0.77734375 0.5375 0.01171875 0.1140625
8 0.4625 0.88203125 0.1453125 0.009375
8 0.2171875 0.88203125 0.1453125 0.009375
8 0.12578125 0.23203125 0.01171875 0.1140625
8 0.1265625 0.41640625 0.0109375 0.05078125
8 0.12578125 0.50390625 0.0109375 0.0515625
1 0.16796875 0.39296875 0.0734375 0.06640625
1 0.1671875 0.5671875 0.07265625 0.065625
1 0.45546875 0.3359375 0.071875 0.06640625
2 0.665625 0.68984375 0.1015625 0.0484375