0 0.86640625 0.6 0.025 0.0234375
0 0.86640625 0.09765625 0.025 0.0234375
0 0.4109375 0.09453125 0.03125 0.015625
0 0.3875 0.18125 0.0328125 0.015625
0 0.38046875 0.23046875 0.03125 0.015625
0 0.4890625 0.23046875 0.03125 0.015625
0 0.17265625 0.1953125 0.0125 0.04375
0 0.1828125 0.790625 0.03125 0.015625
0 0.58984375 0.790625 0.03125 0.015625
0 0.60234375 0.675 0.0125 0.04375
0 0.71484375 0.66171875 0.03125 0.015625
0 0.725 0.6140625 0.0125 0.04375
0 0.37109375 0.70078125 0.0125 0.04375
0 0.49921875 0.70078125 0.0109375 0.04375
8 0.32890625 0.17890625 0.0609375 0.009375
8 0.31484375 0.61015625 0.059375 0.015625
8 0.43515625 0.715625 0.090625 0.0125
1 0.34375 0.28671875 0.059375 0.0703125
1 0.41953125 0.209375 0.034375 0.05625
1 0.47578125 0.28671875 0.0578125 0.0703125
8 0.45234375 0.0921875 0.03125 0.009375
6 0.21484375 0.4171875 0.0796875 0.4
6 0.43828125 0.5 0.115625 0.35625
0 0.26953125 0.61015625 0.03125 0.015625