0 0.17421875 0.11484375 0.0359375 0.01171875
0 0.1734375 0.3453125 0.03671875 0.0109375
0 0.1734375 0.59375 0.03671875 0.01171875
0 0.1625 0.8703125 0.01328125 0.03203125
0 0.415625 0.88046875 0.03671875 0.01171875
0 0.5859375 0.88046875 0.03671875 0.01171875
0 0.82890625 0.88046875 0.03515625 0.01171875
0 0.5625 0.73515625 0.025 0.03203125
0 0.82890625 0.58984375 0.03671875 0.01171875
0 0.5515625 0.4390625 0.01328125 0.03203125
0 0.528125 0.11484375 0.03671875 0.01171875
0 0.53984375 0.27734375 0.01328125 0.03203125
0 0.82890625 0.2921875 0.03671875 0.01171875
8 0.1609375 0.15234375 0.009375 0.0390625
8 0.1609375 0.4 0.009375 0.03984375
8 0.1609375 0.44765625 0.009375 0.0390625
8 0.1609375 0.771875 0.009375 0.0390625
8 0.1609375 0.81484375 0.009375 0.03984375
8 0.23984375 0.88203125 0.04140625 0.00859375
8 0.29453125 0.88203125 0.05546875 0.00859375
8 0.34921875 0.88203125 0.04140625 0.00859375
8 0.65234375 0.88203125 0.040625 0.00859375
8 0.70703125 0.88203125 0.05546875 0.00859375
8 0.76171875 0.88203125 0.04140625 0.00859375
8 0.8421875 0.81796875 0.009375 0.0390625
8 0.8421875 0.77109375 0.009375 0.0390625
8 0.8421875 0.4765625 0.009375 0.05
8 0.8421875 0.31875 0.009375 0.040625
8 0.6765625 0.28984375 0.053125 0.00625
8 0.7390625 0.28984375 0.053125 0.00625
8 0.5390625 0.22265625 0.0125 0.0390625
8 0.5390625 0.1765625 0.0125 0.0390625
8 0.27734375 0.1125 0.05546875 0.00625
8 0.35078125 0.1125 0.0703125 0.00625
8 0.425 0.1125 0.05546875 0.00625
1 0.13515625 0.525 0.04609375 0.0390625
1 0.24375 0.57265625 0.04140625 0.03046875
1 0.31796875 0.5703125 0.04375 0.0359375
1 0.4078125 0.5734375 0.04453125 0.046875
1 0.37265625 0.47890625 0.05390625 0.0546875
1 0.65859375 0.6140625 0.05546875 0.04296875
1 0.8203125 0.6171875 0.053125 0.0421875
1 0.765625 0.6828125 0.05390625 0.05234375
1 0.5015625 0.8234375 0.0703125 0.07109375
1 0.61484375 0.2671875 0.053125 0.05234375
6 0.36328125 0.6765625 0.18828125 0.05390625
5 0.409375 0.43671875 0.01015625 0.06953125