0 0.23359375 0.90234375 0.015625 0.034375
0 0.23359375 0.3640625 0.015625 0.034375
0 0.23359375 0.06171875 0.015625 0.034375
0 0.490625 0.09140625 0.0171875 0.034375
0 0.771875 0.1140625 0.0171875 0.034375
0 0.77109375 0.36875 0.0171875 0.0359375
0 0.77109375 0.9015625 0.0171875 0.034375
8 0.6265625 0.9125 0.096875 0.0171875
8 0.771875 0.84140625 0.021875 0.0796875
8 0.23359375 0.64296875 0.0234375 0.0796875
8 0.234375 0.46484375 0.021875 0.078125
8 0.23359375 0.1671875 0.021875 0.078125
8 0.36171875 0.05078125 0.096875 0.015625
8 0.6265625 0.10234375 0.096875 0.015625
8 0.77109375 0.24921875 0.01875 0.078125
8 0.77109375 0.471875 0.021875 0.078125
8 0.771875 0.671875 0.021875 0.078125
1 0.73125 0.578125 0.0625 0.05
1 0.60625 0.5296875 0.06875 0.0546875
1 0.7296875 0.36484375 0.0625 0.046875
1 0.4640625 0.2515625 0.059375 0.05
1 0.3984375 0.29765625 0.0640625 0.05
8 0.43515625 0.49609375 0.1015625 0.01875
8 0.3359375 0.37890625 0.0984375 0.009375
0 0.38125 0.5546875 0.015625 0.034375
6 0.37109375 0.82421875 0.2546875 0.1640625