1 0.2578125 0.2734375 0.059375 0.0546875
1 0.27109375 0.56796875 0.0796875 0.0625
1 0.36015625 0.56640625 0.08125 0.059375
5 0.578125 0.7421875 0.0125 0.1171875
8 0.709375 0.18359375 0.053125 0.009375
8 0.47421875 0.18359375 0.053125 0.009375
8 0.26640625 0.18359375 0.053125 0.009375
8 0.13984375 0.18359375 0.053125 0.009375
8 0.0546875 0.36953125 0.0109375 0.04375
8 0.0546875 0.725 0.0109375 0.0453125
8 0.1859375 0.865625 0.053125 0.0109375
8 0.42578125 0.865625 0.053125 0.009375
8 0.6875 0.6359375 0.0875 0.009375
0 0.88125 0.1828125 0.028125 0.0125
0 0.88984375 0.1953125 0.0109375 0.0125