1 0.24921875 0.475 0.109375 0.08125
1 0.32734375 0.58125 0.053125 0.075
1 0.2421875 0.60703125 0.09375 0.0703125
1 0.32890625 0.17265625 0.0796875 0.121875
1 0.503125 0.50390625 0.0953125 0.08125
1 0.57109375 0.43203125 0.053125 0.0765625
1 0.6328125 0.5015625 0.071875 0.06875
1 0.81875 0.496875 0.065625 0.1078125
8 0.7171875 0.8609375 0.1203125 0.0765625
8 0.6296875 0.14296875 0.075 0.0625
8 0.33671875 0.859375 0.11875 0.0765625
8 0.2296875 0.26171875 0.06875 0.1234375
0 0.76171875 0.13984375 0.025 0.059375
0 0.94765625 0.83046875 0.0265625 0.0578125
0 0.209375 0.8296875 0.028125 0.059375
0 0.209375 0.13984375 0.028125 0.0625