0 0.96875 0.12890625 0.0453125 0.028125
0 0.96953125 0.6484375 0.04375 0.0296875
0 0.07265625 0.6484375 0.0453125 0.0296875
0 0.07265625 0.1296875 0.0453125 0.0296875
8 0.96953125 0.2828125 0.05 0.0921875
8 0.96953125 0.4921875 0.046875 0.046875
8 0.23359375 0.6484375 0.078125 0.03125
8 0.07265625 0.2828125 0.046875 0.090625
1 0.9625 0.575 0.0625 0.05625
1 0.77890625 0.4703125 0.05625 0.05
1 0.67109375 0.52578125 0.06875 0.05
1 0.259375 0.4984375 0.0625 0.05625
1 0.0796875 0.4984375 0.0625 0.05625
1 0.52109375 0.1453125 0.0921875 0.0640625
6 0.47890625 0.56796875 0.2046875 0.134375