0 0.77734375 0.11796875 0.00703125 0.0453125
0 0.77734375 0.478125 0.0078125 0.04453125
0 0.77734375 0.86953125 0.00703125 0.0453125
0 0.484375 0.86953125 0.00703125 0.0453125
0 0.18984375 0.86953125 0.00703125 0.0453125
0 0.31015625 0.47890625 0.00703125 0.0453125
0 0.31015625 0.11796875 0.00703125 0.04453125
0 0.54609375 0.47890625 0.0078125 0.04609375
0 0.54609375 0.11796875 0.00703125 0.04453125
8 0.428125 0.1015625 0.12578125 0.01171875
8 0.66171875 0.1015625 0.12578125 0.01171875
8 0.77734375 0.29765625 0.00703125 0.22109375
8 0.77734375 0.690625 0.00703125 0.2203125
8 0.68984375 0.8859375 0.12578125 0.01171875
8 0.54296875 0.8859375 0.03828125 0.01171875
8 0.4328125 0.8859375 0.03828125 0.01171875
8 0.2859375 0.8859375 0.125 0.0109375
8 0.18984375 0.690625 0.00703125 0.2203125
8 0.31015625 0.2984375 0.00625 0.2203125
1 0.51328125 0.45078125 0.05 0.09921875
1 0.57421875 0.45078125 0.05 0.1
1 0.459375 0.54453125 0.05703125 0.08828125
1 0.41015625 0.709375 0.05 0.1
1 0.57421875 0.709375 0.05 0.10078125
1 0.62734375 0.54453125 0.05625 0.0890625