0 0.7625 0.09765625 0.01640625 0.034375
0 0.76328125 0.63203125 0.01484375 0.03515625
0 0.7625 0.9328125 0.015625 0.03515625
0 0.5078125 0.903125 0.0171875 0.034375
0 0.22890625 0.88125 0.0171875 0.034375
0 0.22890625 0.628125 0.0171875 0.0359375
0 0.22890625 0.0984375 0.0171875 0.034375
8 0.37265625 0.0875 0.0953125 0.0171875
8 0.22890625 0.15859375 0.02109375 0.07890625
8 0.76328125 0.35546875 0.0234375 0.07890625
8 0.7625 0.53203125 0.02265625 0.078125
8 0.7625 0.828125 0.02109375 0.07734375
8 0.6359375 0.94375 0.096875 0.015625
8 0.37265625 0.8921875 0.0953125 0.01484375
8 0.22890625 0.746875 0.01953125 0.07734375
8 0.22890625 0.52578125 0.02109375 0.07734375
8 0.22890625 0.3265625 0.02109375 0.078125
1 0.26875 0.41953125 0.0609375 0.05
1 0.39296875 0.46796875 0.0671875 0.05390625
1 0.2703125 0.63203125 0.0625 0.046875
1 0.534375 0.74453125 0.059375 0.05078125
1 0.6 0.6984375 0.06328125 0.04921875
8 0.5625 0.50078125 0.10078125 0.01796875
8 0.66171875 0.61796875 0.09765625 0.009375
0 0.61640625 0.44296875 0.015625 0.03515625
6 0.6265625 0.17578125 0.253125 0.16328125