0 0.103125 0.23125 0.0296875 0.01015625
0 0.9 0.23515625 0.053125 0.01796875
0 0.90703125 0.76875 0.0390625 0.0171875
0 0.109375 0.5765625 0.0421875 0.01796875
8 0.2375 0.23125 0.03828125 0.009375
8 0.22890625 0.57578125 0.07109375 0.0171875
8 0.4125 0.57578125 0.071875 0.0171875
8 0.6359375 0.76796875 0.06796875 0.01640625
8 0.81171875 0.76796875 0.06796875 0.01640625
8 0.91640625 0.32734375 0.01953125 0.06171875
8 0.91640625 0.48046875 0.01953125 0.06171875
1 0.23359375 0.43046875 0.0453125 0.05
1 0.278125 0.53125 0.028125 0.04140625
1 0.61484375 0.3078125 0.04765625 0.053125
1 0.684375 0.34921875 0.0453125 0.04921875
1 0.684375 0.4359375 0.04609375 0.05078125
2 0.4625 0.25078125 0.07109375 0.04765625
2 0.55234375 0.678125 0.03515625 0.09765625
2 0.6171875 0.5015625 0.07890625 0.0453125
8 0.7109375 0.23515625 0.0359375 0.0171875
1 0.5953125 0.3484375 0.0234375 0.040625