8 0.75703125 0.66015625 0.021875 0.090625
8 0.75703125 0.3921875 0.021875 0.09140625
8 0.38984375 0.69140625 0.0625 0.034375
8 0.31015625 0.6890625 0.0625 0.0328125
8 0.19921875 0.5515625 0.0234375 0.09375
8 0.13125 0.3203125 0.021875 0.08984375
1 0.65 0.2875 0.05078125 0.0859375
1 0.5703125 0.3484375 0.06484375 0.07578125
1 0.53125 0.73984375 0.06171875 0.08046875
0 0.2 0.68359375 0.02109375 0.0484375
0 0.75703125 0.7734375 0.02109375 0.065625
0 0.75703125 0.1890625 0.021875 0.0640625
0 0.4453125 0.17265625 0.04375 0.03203125
0 0.1328125 0.18828125 0.0203125 0.0640625