8 0.8421875 0.253125 0.053125 0.0875
8 0.8453125 0.61171875 0.053125 0.096875
8 0.33984375 0.8078125 0.109375 0.0671875
8 0.2125 0.7296875 0.053125 0.090625
8 0.13671875 0.434375 0.053125 0.09375
8 0.13359375 0.25546875 0.053125 0.09375
0 0.8421875 0.15234375 0.053125 0.028125
0 0.13515625 0.15078125 0.053125 0.028125
0 0.2125 0.8296875 0.05 0.025
0 0.84453125 0.83125 0.05 0.028125
1 0.590625 0.303125 0.0734375 0.09375
1 0.52421875 0.31171875 0.0453125 0.0625
1 0.39921875 0.30390625 0.053125 0.075
1 0.33828125 0.378125 0.053125 0.0625
1 0.22421875 0.5953125 0.075 0.06875
1 0.46640625 0.5875 0.08125 0.08125
1 0.39765625 0.6796875 0.06875 0.0875
8 0.48984375 0.15078125 0.078125 0.034375