0 0.1578125 0.2203125 0.0265625 0.059375
0 0.81015625 0.2203125 0.028125 0.059375
0 0.81015625 0.7734375 0.028125 0.0578125
0 0.1578125 0.77265625 0.028125 0.059375
8 0.15703125 0.69453125 0.03125 0.1015625
8 0.1578125 0.36953125 0.03125 0.128125
8 0.3109375 0.2015625 0.1625 0.028125
8 0.6296875 0.2015625 0.1640625 0.025
8 0.81015625 0.640625 0.03125 0.1296875
8 0.67265625 0.7921875 0.1625 0.028125
8 0.284375 0.79140625 0.165625 0.03125
1 0.2875 0.51640625 0.084375 0.0875
1 0.39765625 0.43828125 0.1125 0.084375
1 0.3796875 0.60390625 0.115625 0.08125
1 0.5828125 0.521875 0.1015625 0.0984375
1 0.7796875 0.425 0.103125 0.0921875