0 0.41796875 0.1546875 0.0234375 0.0109375
0 0.20546875 0.7578125 0.02578125 0.01171875
0 0.80390625 0.7578125 0.02265625 0.01171875
0 0.85234375 0.1546875 0.01953125 0.0109375
8 0.85703125 0.1875 0.009375 0.0453125
8 0.78671875 0.4359375 0.07578125 0.01171875
8 0.74375 0.490625 0.00859375 0.09921875
8 0.775 0.5484375 0.0515625 0.01640625
8 0.196875 0.63046875 0.009375 0.178125
8 0.4109375 0.25859375 0.009375 0.1078125
2 0.3078125 0.44609375 0.02265625 0.059375
6 0.51328125 0.69140625 0.196875 0.12265625
6 0.31875 0.1765625 0.12109375 0.03359375
1 0.56796875 0.178125 0.02578125 0.03515625
1 0.70078125 0.1765625 0.0234375 0.0328125
1 0.5921875 0.3234375 0.0390625 0.0421875
1 0.71796875 0.41875 0.0421875 0.04765625
1 0.65859375 0.34609375 0.03828125 0.0421875