0 0.38828125 0.36640625 0.0421875 0.03359375
0 0.69375 0.36640625 0.04140625 0.03359375
0 0.7296875 0.60546875 0.0421875 0.0328125
0 0.38828125 0.6609375 0.04375 0.03515625
1 0.440625 0.234375 0.0625 0.0109375
1 0.5671875 0.37890625 0.0484375 0.0078125
1 0.65859375 0.321875 0.0125 0.0390625
1 0.4015625 0.403125 0.00859375 0.03828125
1 0.3671875 0.48125 0.046875 0.00703125
1 0.3078125 0.4328125 0.00703125 0.034375
1 0.73125 0.43125 0.0078125 0.034375
1 0.6328125 0.4578125 0.04765625 0.0078125
8 0.2984375 0.6734375 0.103125 0.0109375
8 0.5078125 0.6171875 0.103125 0.0109375
8 0.65625 0.6171875 0.103125 0.0109375
7 0.2578125 0.378125 0.03203125 0.0109375
7 0.8359375 0.378125 0.03203125 0.0109375
8 0.65859375 0.2796875 0.0140625 0.0375