0 0.79375 0.83984375 0.0328125 0.04375
0 0.7953125 0.43984375 0.0265625 0.0390625
0 0.79609375 0.11484375 0.025 0.040625
0 0.365625 0.11484375 0.0234375 0.040625
0 0.16875 0.3671875 0.0125 0.03125
0 0.5421875 0.58359375 0.0171875 0.040625
0 0.16875 0.64765625 0.0140625 0.040625
8 0.18359375 0.77265625 0.025 0.065625
8 0.36484375 0.178125 0.025 0.0640625
8 0.7953125 0.496875 0.0265625 0.0671875
8 0.63046875 0.85546875 0.1 0.015625
1 0.16796875 0.584375 0.01875 0.06875
1 0.59921875 0.53984375 0.0765625 0.0484375
1 0.5765625 0.490625 0.071875 0.05
1 0.50703125 0.3328125 0.090625 0.053125
1 0.825 0.38984375 0.0890625 0.046875
1 0.40078125 0.41015625 0.0703125 0.046875
1 0.28359375 0.33671875 0.075 0.053125
1 0.390625 0.46484375 0.075 0.04375
1 0.39375 0.59609375 0.0796875 0.05