0 0.86484375 0.23359375 0.0109375 0.034375
0 0.35859375 0.23359375 0.009375 0.034375
0 0.05234375 0.4078125 0.009375 0.034375
0 0.18125 0.80234375 0.009375 0.034375
0 0.44765625 0.90390625 0.0078125 0.034375
0 0.86484375 0.90390625 0.0109375 0.034375
8 0.74296875 0.22109375 0.10625 0.009375
8 0.4890625 0.22109375 0.10625 0.009375
8 0.05234375 0.48046875 0.009375 0.0765625
8 0.053125 0.76171875 0.009375 0.040625
8 0.11953125 0.78984375 0.0875 0.0109375
1 0.2703125 0.825 0.059375 0.0671875
1 0.559375 0.55390625 0.053125 0.04375
1 0.48671875 0.56328125 0.053125 0.05625
1 0.48359375 0.49765625 0.0484375 0.053125
1 0.409375 0.56484375 0.0484375 0.053125
1 0.84296875 0.6171875 0.05625 0.046875
6 0.40390625 0.6921875 0.0796875 0.203125
5 0.35859375 0.31796875 0.009375 0.1
5 0.20390625 0.3953125 0.103125 0.009375