0 0.8421875 0.78046875 0.084375 0.0125
0 0.096875 0.78046875 0.084375 0.0140625
0 0.096875 0.54296875 0.084375 0.0125
0 0.096875 0.26796875 0.0828125 0.0125
0 0.5109375 0.2625 0.021875 0.04375
0 0.8421875 0.159375 0.084375 0.0125
0 0.8421875 0.35859375 0.084375 0.0125
0 0.8421875 0.5421875 0.084375 0.0125
0 0.4796875 0.63984375 0.084375 0.0125
8 0.8703125 0.253125 0.028125 0.096875
8 0.8703125 0.45078125 0.028125 0.096875
8 0.8703125 0.703125 0.0296875 0.0984375
8 0.06875 0.33203125 0.028125 0.096875
8 0.06875 0.47890625 0.028125 0.096875
1 0.5625 0.3359375 0.084375 0.05625
1 0.6546875 0.51484375 0.1 0.04375
1 0.65390625 0.5703125 0.1 0.04375
1 0.65546875 0.75234375 0.096875 0.04375
1 0.56328125 0.66171875 0.0828125 0.05625
1 0.38046875 0.5671875 0.084375 0.0375
1 0.41796875 0.72109375 0.0984375 0.04375
2 0.29296875 0.28515625 0.13125 0.046875
6 0.275 0.66953125 0.384375 0.046875