0 0.784375 0.80625 0.040625 0.015625
0 0.13515625 0.80234375 0.040625 0.021875
0 0.13515625 0.25390625 0.040625 0.0234375
0 0.5015625 0.09921875 0.040625 0.021875
0 0.78671875 0.09921875 0.040625 0.0234375
8 0.79921875 0.70234375 0.0109375 0.1703125
8 0.58515625 0.80625 0.0265625 0.0140625
8 0.4921875 0.80234375 0.0265625 0.021875
8 0.415625 0.80234375 0.0265625 0.021875
8 0.32265625 0.80234375 0.025 0.021875
8 0.12265625 0.6375 0.015625 0.084375
8 0.12265625 0.4171875 0.015625 0.0953125
8 0.48984375 0.17890625 0.0171875 0.1171875
8 0.79609375 0.26171875 0.0203125 0.084375
1 0.72734375 0.45234375 0.065625 0.053125
1 0.51953125 0.51015625 0.040625 0.046875
1 0.3890625 0.51328125 0.0328125 0.0390625
1 0.28125 0.51328125 0.0328125 0.040625
1 0.23984375 0.56015625 0.0421875 0.0421875
1 0.56640625 0.615625 0.03125 0.0515625
1 0.51484375 0.6140625 0.0390625 0.046875
1 0.41015625 0.61015625 0.034375 0.040625
1 0.28203125 0.6140625 0.040625 0.046875
1 0.36796875 0.2765625 0.0390625 0.0640625
2 0.2546875 0.27265625 0.065625 0.05625
2 0.5625 0.1171875 0.065625 0.0578125
2 0.72578125 0.1171875 0.065625 0.0578125
1 0.459375 0.27578125 0.0390625 0.0625