0 0.78203125 0.8578125 0.01875 0.0328125
0 0.37421875 0.8578125 0.01875 0.0328125
0 0.184375 0.85703125 0.01875 0.03125
0 0.18359375 0.41328125 0.01875 0.0328125
0 0.18359375 0.17421875 0.01875 0.034375
0 0.41484375 0.1640625 0.046875 0.0125
0 0.415625 0.42265625 0.046875 0.0125
0 0.78203125 0.41328125 0.01875 0.0328125
0 0.78203125 0.17421875 0.01875 0.034375
8 0.78203125 0.290625 0.01875 0.128125
8 0.78203125 0.5296875 0.01875 0.1265625
8 0.57578125 0.8671875 0.225 0.0140625
8 0.27734375 0.8671875 0.071875 0.0125
8 0.2796875 0.5390625 0.1125 0.0125
8 0.37421875 0.490625 0.01875 0.08125
1 0.42890625 0.6703125 0.090625 0.078125
1 0.33671875 0.57265625 0.09375 0.053125
1 0.33671875 0.71484375 0.09375 0.053125
6 0.30625 0.29375 0.2265625 0.24375
5 0.64375 0.16484375 0.2078125 0.0125
1 0.4734375 0.203125 0.1078125 0.0640625