0 0.071875 0.10546875 0.009375 0.034375
0 0.103125 0.77421875 0.00625 0.03125
0 0.78828125 0.92734375 0.034375 0.009375
0 0.92109375 0.10390625 0.0390625 0.03125
8 0.421875 0.09296875 0.06875 0.009375
8 0.56015625 0.09296875 0.06875 0.009375
8 0.69921875 0.09296875 0.06875 0.009375
8 0.93828125 0.1734375 0.00625 0.0546875
8 0.8671875 0.54921875 0.096875 0.00625
5 0.8015625 0.80546875 0.00625 0.146875
8 0.103125 0.65546875 0.00625 0.146875
5 0.4609375 0.5421875 0.00625 0.096875
5 0.39609375 0.34453125 0.0625 0.00625
5 0.5859375 0.34453125 0.0625 0.00625
5 0.72265625 0.34453125 0.0625 0.00625
1 0.465625 0.3421875 0.0390625 0.04375
1 0.51640625 0.3421875 0.0390625 0.04375
1 0.653125 0.3421875 0.0375 0.04375
1 0.79140625 0.21484375 0.034375 0.0390625
1 0.86796875 0.19453125 0.034375 0.05
1 0.73984375 0.440625 0.0421875 0.059375
1 0.74609375 0.49921875 0.03125 0.0359375
1 0.5921875 0.52109375 0.0375 0.0515625
1 0.51328125 0.49921875 0.03125 0.0359375
1 0.3875 0.56328125 0.0375 0.0515625
1 0.36953125 0.43828125 0.0421875 0.059375
1 0.25 0.83203125 0.03125 0.0625
1 0.2671875 0.8625 0.0328125 0.040625