0 0.778125 0.16015625 0.04375 0.015625
0 0.83828125 0.5734375 0.015625 0.0484375
0 0.5125 0.58828125 0.0453125 0.01875
0 0.4515625 0.4203125 0.0421875 0.01875
0 0.48515625 0.86875 0.0421875 0.015625
0 0.21953125 0.86875 0.040625 0.0171875
0 0.81796875 0.8703125 0.0421875 0.015625
0 0.20625 0.496875 0.015625 0.046875
0 0.21875 0.16015625 0.04375 0.01875
0 0.51328125 0.16015625 0.046875 0.0171875
1 0.5125 0.44921875 0.0578125 0.078125
1 0.2328125 0.3796875 0.0625 0.0640625
1 0.4 0.56015625 0.0625 0.059375
1 0.33515625 0.62265625 0.05625 0.0625
1 0.44140625 0.7203125 0.053125 0.0625
1 0.8078125 0.63125 0.059375 0.0640625
8 0.2171875 0.77578125 0.0375 0.08125
8 0.78828125 0.228125 0.03125 0.05625
8 0.7890625 0.30234375 0.028125 0.059375
8 0.7125 0.8703125 0.0515625 0.0203125
8 0.609375 0.8703125 0.0546875 0.025