0 0.103125 0.23125 0.0296875 0.0109375
0 0.9 0.23515625 0.053125 0.01875
0 0.90703125 0.76875 0.0390625 0.0171875
0 0.109375 0.5765625 0.0421875 0.01875
8 0.2375 0.23125 0.0390625 0.009375
8 0.22890625 0.57578125 0.071875 0.0171875
8 0.4125 0.57578125 0.071875 0.0171875
8 0.6359375 0.76796875 0.0671875 0.0171875
8 0.81171875 0.76796875 0.0671875 0.0171875
8 0.91640625 0.32734375 0.0203125 0.0625
8 0.91640625 0.48046875 0.0203125 0.0625
1 0.23359375 0.43046875 0.0453125 0.05
1 0.278125 0.53125 0.028125 0.0421875
1 0.61484375 0.3078125 0.0484375 0.053125
1 0.684375 0.34921875 0.0453125 0.0484375
1 0.684375 0.4359375 0.046875 0.0515625
2 0.4625 0.25078125 0.071875 0.0484375
2 0.55234375 0.678125 0.0359375 0.0984375
2 0.6171875 0.5015625 0.0796875 0.0453125
8 0.7109375 0.23515625 0.0359375 0.0171875
1 0.5953125 0.3484375 0.0234375 0.040625