0 0.06171875 0.2125 0.0234375 0.0875
0 0.459375 0.18125 0.04765625 0.02578125
0 0.81953125 0.18046875 0.053125 0.03046875
0 0.821875 0.82265625 0.0515625 0.02890625
0 0.47265625 0.82109375 0.04921875 0.03125
0 0.0609375 0.79609375 0.02421875 0.08359375
1 0.2609375 0.40078125 0.05625 0.109375
1 0.5578125 0.39921875 0.06484375 0.09609375
1 0.634375 0.26953125 0.05703125 0.09609375
8 0.36875 0.18671875 0.0796875 0.03359375
8 0.059375 0.5 0.03671875 0.14921875
8 0.38671875 0.81875 0.090625 0.03828125
8 0.72890625 0.81953125 0.0828125 0.0640625