0 0.13359375 0.2046875 0.0140625 0.03828125
0 0.13125 0.515625 0.01015625 0.05
0 0.13359375 0.7953125 0.0140625 0.0375
0 0.37421875 0.7953125 0.01484375 0.03828125
0 0.5828125 0.7953125 0.01484375 0.03828125
0 0.8140625 0.79765625 0.0078125 0.034375
0 0.8140625 0.515625 0.0078125 0.03359375
0 0.25859375 0.5125 0.02109375 0.02578125
0 0.36875 0.2046875 0.01484375 0.03828125
0 0.44921875 0.2046875 0.01484375 0.03828125
0 0.590625 0.2046875 0.0140625 0.03828125
0 0.5796875 0.50859375 0.02109375 0.02578125
0 0.8109375 0.2046875 0.01484375 0.0375
8 0.23359375 0.35390625 0.00703125 0.18828125
8 0.2515625 0.65703125 0.00625 0.16015625
8 0.58671875 0.35859375 0.00625 0.18828125
8 0.58671875 0.62421875 0.00546875 0.20546875
8 0.65625 0.50625 0.03359375 0.0125
8 0.71953125 0.50625 0.05390625 0.01328125
8 0.775 0.50625 0.01875 0.01328125
1 0.35234375 0.465625 0.04140625 0.07109375
1 0.35234375 0.55390625 0.04140625 0.06875
1 0.40078125 0.61796875 0.02734375 0.0609375
1 0.465625 0.5546875 0.0421875 0.0703125
1 0.465625 0.465625 0.0421875 0.071875
1 0.69375 0.71328125 0.04375 0.06640625
1 0.77890625 0.65703125 0.02734375 0.0609375
6 0.409375 0.3203125 0.065625 0.2234375