0 0.8390625 0.228125 0.009375 0.0234375
0 0.8359375 0.528125 0.0171875 0.0125
0 0.8359375 0.71640625 0.0171875 0.0125
0 0.60625 0.7859375 0.0109375 0.021875
0 0.61171875 0.7171875 0.0171875 0.0125
0 0.65703125 0.6203125 0.0109375 0.021875
0 0.65859375 0.22890625 0.0109375 0.021875
0 0.5328125 0.2296875 0.0109375 0.021875
0 0.4671875 0.6203125 0.0109375 0.021875
0 0.365625 0.7859375 0.009375 0.021875
0 0.36171875 0.73515625 0.0171875 0.0125
0 0.15625 0.73515625 0.0171875 0.0125
0 0.315625 0.50390625 0.0109375 0.021875
0 0.15625 0.225 0.0171875 0.0125
1 0.3578125 0.409375 0.046875 0.053125
1 0.440625 0.4375 0.05 0.05625
1 0.33203125 0.54921875 0.05 0.071875
1 0.56015625 0.4484375 0.046875 0.0671875
1 0.52578125 0.54609375 0.0484375 0.065625
1 0.584375 0.6703125 0.059375 0.0859375
5 0.17734375 0.59140625 0.0484375 0.0125
5 0.2859375 0.590625 0.0421875 0.0125
8 0.5234375 0.50859375 0.034375 0.0171875
8 0.60625 0.409375 0.096875 0.01875
6 0.43828125 0.69765625 0.146875 0.184375