0 0.8453125 0.1453125 0.053125 0.0125
0 0.84453125 0.8375 0.05 0.015625
0 0.1234375 0.8390625 0.059375 0.0140625
0 0.1265625 0.14609375 0.0578125 0.015625
1 0.52265625 0.64453125 0.090625 0.0765625
1 0.4109375 0.64375 0.0875 0.06875
1 0.62109375 0.52890625 0.078125 0.059375
8 0.8640625 0.725 0.034375 0.1234375
8 0.67421875 0.8375 0.19375 0.0296875
8 0.3015625 0.83984375 0.1859375 0.0328125
8 0.109375 0.4703125 0.04375 0.1328125
8 0.109375 0.72265625 0.0375 0.1296875
8 0.86640625 0.4046875 0.034375 0.1171875
2 0.13984375 0.25 0.084375 0.0953125
8 0.6703125 0.14453125 0.209375 0.0375
8 0.8640625 0.234375 0.028125 0.115625
8 0.31875 0.14375 0.1875 0.0234375