0 0.0390625 0.77890625 0.00625 0.01875
0 0.890625 0.78515625 0.03125 0.00625
0 0.93984375 0.15 0.028125 0.00625
0 0.4015625 0.1578125 0.00625 0.0234375
8 0.140625 0.78671875 0.08125 0.00625
8 0.32421875 0.78671875 0.0828125 0.00625
8 0.4890625 0.78515625 0.08125 0.00625
8 0.9515625 0.2515625 0.00625 0.08125
8 0.6640625 0.15 0.0828125 0.00625
8 0.4015625 0.22734375 0.00625 0.08125
8 0.4015625 0.3421875 0.00625 0.08125
8 0.32421875 0.390625 0.034375 0.00625
8 0.0421875 0.41796875 0.0125 0.034375
5 0.30703125 0.5875 0.0640625 0.00625
5 0.2984375 0.434375 0.00625 0.08125
1 0.0609375 0.5859375 0.05 0.0453125
1 0.103125 0.54609375 0.0375 0.0265625
1 0.10625 0.43203125 0.040625 0.028125
1 0.20703125 0.46875 0.040625 0.0296875
1 0.25703125 0.51484375 0.0484375 0.04375
1 0.38046875 0.56328125 0.046875 0.034375
1 0.43203125 0.56328125 0.046875 0.034375
2 0.5265625 0.521875 0.096875 0.0453125
5 0.51015625 0.58828125 0.08125 0.0046875
1 0.371875 0.46796875 0.046875 0.03125
1 0.79765625 0.40234375 0.0578125 0.0515625