0 0.84140625 0.1078125 0.0296875 0.046875
0 0.265625 0.10703125 0.025 0.046875
0 0.29140625 0.34609375 0.0765625 0.0125
0 0.26640625 0.521875 0.025 0.0453125
0 0.03359375 0.5203125 0.0296875 0.0515625
0 0.03359375 0.85390625 0.025 0.0484375
0 0.43984375 0.8546875 0.021875 0.046875
0 0.840625 0.85546875 0.0296875 0.046875
0 0.8421875 0.52265625 0.028125 0.046875
0 0.81796875 0.34609375 0.0765625 0.0109375
1 0.696875 0.18828125 0.103125 0.059375
1 0.571875 0.1890625 0.090625 0.053125
1 0.6515625 0.32109375 0.1015625 0.0640625
1 0.3328125 0.5234375 0.103125 0.065625
1 0.49453125 0.578125 0.115625 0.071875
1 0.49609375 0.6765625 0.1140625 0.0625
1 0.36484375 0.734375 0.1140625 0.0578125
1 0.21875 0.6109375 0.109375 0.053125