0 0.12265625 0.19375 0.02109375 0.01171875
0 0.09296875 0.821875 0.0296875 0.00859375
0 0.846875 0.76953125 0.0296875 0.009375
0 0.9046875 0.19375 0.0328125 0.01171875
8 0.11484375 0.284375 0.00625 0.05390625
8 0.11484375 0.36484375 0.00625 0.05390625
8 0.08125 0.5984375 0.00625 0.05390625
8 0.08125 0.67734375 0.00625 0.05390625
8 0.85859375 0.62734375 0.00625 0.1359375
8 0.9171875 0.334375 0.00625 0.13515625
8 0.16953125 0.19375 0.0515625 0.01171875
8 0.35234375 0.19296875 0.06875 0.01171875
8 0.2796875 0.246875 0.00625 0.0859375
8 0.2796875 0.31328125 0.00625 0.034375
8 0.2796875 0.34609375 0.00625 0.01875
6 0.28324125 0.19921093750000002 0.28311625 0.2890625 0.42387499999999995 0.2890625 0.42381250000000004 0.36421875 0.47375 0.36421875 0.4738125 0.19929687499999998 0.28324125 0.19921093750000002
8 0.35 0.29296875 0.134375 0.0078125
8 0.4203125 0.31328125 0.00625 0.034375
8 0.4203125 0.34609375 0.00625 0.01875
8 0.35 0.334375 0.134375 0.0078125
1 0.5578125 0.2421875 0.0453125 0.0640625
1 0.61015625 0.3390625 0.04609375 0.05
1 0.74609375 0.41875 0.0484375 0.06796875
1 0.69609375 0.496875 0.04375 0.04765625
1 0.57734375 0.584375 0.0453125 0.06484375
1 0.3265625 0.4828125 0.04296875 0.04765625
1 0.3921875 0.67265625 0.04296875 0.04765625
5 0.72578125 0.2765625 0.00625 0.13515625
5 0.66640625 0.653125 0.00625 0.16015625