0 0.83828125 0.1546875 0.046875 0.0140625
0 0.85078125 0.728125 0.0203125 0.05625
0 0.703125 0.78828125 0.01875 0.05
0 0.4171875 0.78828125 0.021875 0.05
0 0.08125 0.37890625 0.0140625 0.053125
0 0.0984375 0.153125 0.046875 0.009375
8 0.49296875 0.15546875 0.0546875 0.0140625
8 0.625 0.15546875 0.046875 0.0140625
8 0.85078125 0.2421875 0.0203125 0.0484375
8 0.85078125 0.42421875 0.0203125 0.05
8 0.771875 0.74140625 0.103125 0.0171875
8 0.5140625 0.80390625 0.09375 0.01875
8 0.4171875 0.56796875 0.021875 0.0515625
8 0.22109375 0.39921875 0.23125 0.0125
8 0.08203125 0.27578125 0.0125 0.0515625
1 0.38203125 0.36640625 0.0421875 0.03125
1 0.490625 0.465625 0.059375 0.0453125
1 0.553125 0.4078125 0.0328125 0.0296875
1 0.56484375 0.3671875 0.0390625 0.046875
1 0.56484375 0.52109375 0.0390625 0.046875
1 0.65078125 0.52109375 0.040625 0.046875
1 0.5671875 0.6140625 0.0375 0.0453125
1 0.6875 0.36484375 0.03125 0.028125
1 0.68671875 0.3015625 0.03125 0.0296875
1 0.64921875 0.2609375 0.0390625 0.046875
1 0.6109375 0.303125 0.03125 0.0296875
2 0.42734375 0.71640625 0.040625 0.0453125
2 0.840625 0.615625 0.040625 0.0453125