0 0.2140625 0.81796875 0.01875 0.0265625
0 0.2140625 0.54921875 0.01875 0.025
0 0.2140625 0.27890625 0.01875 0.0265625
0 0.48984375 0.2765625 0.01875 0.025
0 0.48984375 0.11015625 0.01875 0.0265625
0 0.76875 0.109375 0.01875 0.0265625
0 0.76875 0.2765625 0.01875 0.025
0 0.86796875 0.2796875 0.01875 0.0265625
0 0.86796875 0.4921875 0.01875 0.0265625
0 0.50078125 0.4921875 0.01875 0.025
0 0.54609375 0.81796875 0.01875 0.0265625
0 0.6359375 0.81796875 0.01875 0.0265625
0 0.86796875 0.81796875 0.01875 0.0265625
8 0.31796875 0.278125 0.078125 0.0234375
8 0.62890625 0.10859375 0.1265625 0.021875
8 0.86796875 0.37890625 0.01875 0.053125
8 0.86796875 0.55234375 0.01875 0.053125
8 0.86796875 0.721875 0.01875 0.0546875
8 0.66875 0.81953125 0.034375 0.021875
8 0.41171875 0.81953125 0.04375 0.021875
8 0.2140625 0.696875 0.01875 0.053125
1 0.33671875 0.590625 0.0625 0.059375
1 0.390625 0.64765625 0.046875 0.046875
1 0.390625 0.48125 0.04375 0.046875
1 0.46953125 0.48125 0.04375 0.046875
1 0.59140625 0.690625 0.0515625 0.071875
1 0.6703125 0.65078125 0.0578125 0.05625
1 0.7203125 0.59921875 0.04375 0.0484375
1 0.80234375 0.2984375 0.046875 0.065625
1 0.66875 0.728125 0.05 0.05