0 0.146875 0.928125 0.025 0.015625
0 0.1390625 0.09921875 0.009375 0.0359375
0 0.83515625 0.1015625 0.009375 0.0375
0 0.82578125 0.928125 0.028125 0.015625
8 0.196875 0.928125 0.03125 0.015625
8 0.1390625 0.6875 0.009375 0.1109375
8 0.1390625 0.29921875 0.009375 0.1109375
8 0.26015625 0.08984375 0.071875 0.015625
8 0.390625 0.08984375 0.0703125 0.015625
8 0.5578125 0.08984375 0.071875 0.015625
8 0.74140625 0.08984375 0.071875 0.015625
8 0.834375 0.25078125 0.009375 0.0453125
8 0.834375 0.7125 0.009375 0.1109375
8 0.778125 0.928125 0.0296875 0.015625
8 0.47890625 0.865625 0.071875 0.015625
8 0.565625 0.865625 0.0296875 0.015625
1 0.25 0.82109375 0.0421875 0.059375
1 0.31484375 0.5140625 0.053125 0.075
1 0.4953125 0.57734375 0.046875 0.053125
1 0.5609375 0.6890625 0.0390625 0.04375
1 0.64375 0.5140625 0.053125 0.075
1 0.72265625 0.83984375 0.0421875 0.059375
1 0.18125 0.10859375 0.046875 0.053125