0 0.15859375 0.534375 0.0375 0.015625
0 0.34296875 0.603125 0.0375 0.0125
8 0.171875 0.43515625 0.0109375 0.0828125
8 0.1453125 0.2953125 0.009375 0.046875
8 0.10703125 0.15859375 0.0078125 0.053125
8 0.28046875 0.03671875 0.084375 0.015625
8 0.446875 0.33828125 0.084375 0.015625
8 0.634375 0.33828125 0.053125 0.015625
8 0.74609375 0.23828125 0.084375 0.015625
8 0.28203125 0.8015625 0.084375 0.015625
8 0.425 0.8015625 0.0625 0.015625
8 0.5078125 0.74140625 0.021875 0.0125
8 0.55859375 0.70390625 0.021875 0.0125
8 0.59453125 0.83359375 0.034375 0.015625
8 0.7125 0.834375 0.040625 0.015625
1 0.1578125 0.5640625 0.0328125 0.04375
1 0.15859375 0.5015625 0.0375 0.05
1 0.19140625 0.3296875 0.0296875 0.034375
1 0.16328125 0.14296875 0.034375 0.046875
1 0.22109375 0.14375 0.034375 0.046875
1 0.36796875 0.32578125 0.0375 0.0421875
1 0.33046875 0.56875 0.040625 0.05625
1 0.33125 0.50078125 0.040625 0.05625
1 0.43828125 0.61796875 0.0375 0.04375
1 0.48203125 0.61328125 0.028125 0.034375
1 0.5546875 0.61328125 0.028125 0.0328125
1 0.559375 0.7359375 0.0359375 0.0515625
1 0.7171875 0.6140625 0.03125 0.034375
1 0.67734375 0.84375 0.03125 0.034375
1 0.7859375 0.84375 0.03125 0.034375
1 0.825 0.84140625 0.0265625 0.0296875
1 0.85859375 0.63671875 0.0390625 0.0546875
1 0.67734375 0.32890625 0.03125 0.034375
0 0.79296875 0.95 0.0375 0.015625
0 0.6703125 0.95 0.0375 0.015625
0 0.80625 0.85546875 0.009375 0.059375
0 0.87265625 0.671875 0.009375 0.015625
0 0.871875 0.50703125 0.0125 0.05625
0 0.87265625 0.21640625 0.009375 0.059375
0 0.7578125 0.625 0.009375 0.05625
0 0.65625 0.625 0.009375 0.05625
0 0.57734375 0.609375 0.015625 0.025
0 0.69765625 0.22265625 0.0109375 0.06875
0 0.52265625 0.3234375 0.0078125 0.06875
0 0.5734375 0.85390625 0.0078125 0.05625
0 0.46171875 0.625 0.009375 0.05625
0 0.5234375 0.7703125 0.009375 0.075
0 0.46171875 0.82109375 0.009375 0.05625
0 0.3296875 0.82109375 0.009375 0.05625
0 0.39453125 0.02265625 0.0078125 0.0453125
0 0.23125 0.02265625 0.009375 0.0453125
0 0.10703125 0.0703125 0.0078125 0.034375
0 0.13515625 0.33828125 0.0640625 0.0171875
0 0.2328125 0.31875 0.0109375 0.05625
0 0.3953125 0.3296875 0.01875 0.034375