0 0.14140625 0.15234375 0.0140625 0.075
0 0.14296875 0.81796875 0.0140625 0.0703125
0 0.36171875 0.84140625 0.0390625 0.0265625
0 0.6234375 0.81953125 0.0140625 0.0671875
0 0.62265625 0.41796875 0.0125 0.06875
0 0.621875 0.15 0.015625 0.075
0 0.8703125 0.146875 0.015625 0.06875
1 0.28203125 0.4703125 0.053125 0.0875
1 0.325 0.5640625 0.046875 0.0875
1 0.3953125 0.57109375 0.0578125 0.0875
1 0.42421875 0.3640625 0.0484375 0.08125
1 0.47734375 0.4796875 0.04375 0.0921875
1 0.5203125 0.4671875 0.0359375 0.08125
1 0.5109375 0.3359375 0.05 0.0859375
8 0.35 0.128125 0.0703125 0.0390625
8 0.4390625 0.83828125 0.0609375 0.0375
8 0.5453125 0.84140625 0.059375 0.0375
8 0.265625 0.84140625 0.0609375 0.0421875
8 0.13828125 0.3171875 0.0265625 0.121875
0 0.14140625 0.421875 0.0125 0.06875