0 0.8234375 0.90703125 0.009375 0.01875
0 0.81171875 0.91328125 0.0125 0.0078125
0 0.15703125 0.128125 0.009375 0.0203125
0 0.16875 0.12265625 0.0140625 0.009375
8 0.63046875 0.9125 0.096875 0.0078125
8 0.8234375 0.71640625 0.009375 0.03125
8 0.8234375 0.58359375 0.009375 0.071875
8 0.7484375 0.1546875 0.009375 0.046875
5 0.7484375 0.27734375 0.009375 0.065625
8 0.615625 0.075 0.08125 0.0078125
8 0.26015625 0.121875 0.08125 0.009375
1 0.42265625 0.14453125 0.05 0.053125
1 0.3390625 0.37421875 0.059375 0.05
1 0.24609375 0.328125 0.05 0.04375
8 0.15703125 0.32265625 0.009375 0.03125
8 0.15703125 0.44140625 0.009375 0.065625
6 0.30087969999999997 0.39343777812499997 0.1616541359375 0.3933333328125 0.161526315625 0.4898888890625 0.38129369999999996 0.48987560625000004 0.3816661796875 0.443473209375 0.30075438593750004 0.44332888906249995 0.30087969999999997 0.39343777812499997
1 0.7296875 0.6953125 0.05 0.053125
1 0.546875 0.6953125 0.05 0.040625
1 0.48203125 0.61875 0.05 0.0359375
1 0.46640625 0.5296875 0.0515625 0.0375
1 0.390625 0.528125 0.05 0.0375