8 0.8515625 0.38671875 0.0140625 0.078125
8 0.64765625 0.1453125 0.0921875 0.0125
8 0.28984375 0.14609375 0.0921875 0.0125
8 0.1765625 0.37265625 0.0125 0.0328125
8 0.1765625 0.48203125 0.0125 0.071875
8 0.1765625 0.62421875 0.0125 0.0703125
8 0.1765625 0.771875 0.0125 0.0703125
8 0.67109375 0.53203125 0.0125 0.084375
8 0.5265625 0.63984375 0.125 0.0109375
0 0.78359375 0.296875 0.0359375 0.0125
0 0.78359375 0.4765625 0.0359375 0.0125
0 0.79375 0.15625 0.015625 0.03125
0 0.55859375 0.1453125 0.034375 0.0125
5 0.5484375 0.1921875 0.0140625 0.08125
5 0.4203125 0.19140625 0.0140625 0.08125
1 0.67109375 0.4484375 0.065625 0.0484375
1 0.6453125 0.6109375 0.065625 0.046875
1 0.35625 0.8046875 0.065625 0.05
1 0.57421875 0.26796875 0.065625 0.046875
1 0.3953125 0.29609375 0.065625 0.046875
1 0.35625 0.68203125 0.065625 0.046875
1 0.2015625 0.5578125 0.0625 0.0484375
0 0.55859375 0.4765625 0.034375 0.0125
0 0.1765625 0.15625 0.0125 0.0328125
0 0.1765625 0.43046875 0.0125 0.0328125
0 0.1765625 0.8234375 0.0125 0.03125
0 0.55859375 0.8328125 0.034375 0.0125
0 0.79296875 0.8234375 0.015625 0.0328125