0 0.75625 0.09296875 0.0125 0.04375
0 0.75625 0.68515625 0.0125 0.04375
0 0.75625 0.95703125 0.0125 0.04375
0 0.384375 0.97109375 0.034375 0.015625
0 0.24140625 0.684375 0.0125 0.04375
0 0.25234375 0.07890625 0.0359375 0.0140625
8 0.2390625 0.2453125 0.0109375 0.06875
8 0.2390625 0.540625 0.0125 0.06875
8 0.2390625 0.746875 0.0109375 0.0671875
8 0.4609375 0.9734375 0.0671875 0.0171875
8 0.6625 0.9734375 0.065625 0.0140625
1 0.5390625 0.61640625 0.071875 0.078125
1 0.62109375 0.63046875 0.05 0.071875
1 0.43046875 0.7859375 0.0609375 0.06875
1 0.35546875 0.80625 0.04375 0.0625
1 0.3921875 0.9140625 0.053125 0.0765625
6 0.6265625 0.83125 0.265625 0.26875