0 0.05625 0.9046875 0.025 0.0078125
0 0.04765625 0.8921875 0.009375 0.0171875
0 0.90859375 0.43828125 0.009375 0.025
0 0.8953125 0.4296875 0.01875 0.0078125
8 0.8453125 0.9046875 0.046875 0.0078125
8 0.62734375 0.9046875 0.0765625 0.0078125
8 0.4609375 0.9046875 0.0765625 0.009375
8 0.0484375 0.70625 0.0109375 0.2359375
8 0.04765625 0.2765625 0.009375 0.1453125
8 0.1578125 0.14296875 0.153125 0.0078125
8 0.4390625 0.14296875 0.153125 0.0078125
8 0.54453125 0.2765625 0.009375 0.146875
1 0.5734375 0.51796875 0.0515625 0.0515625
8 0.90859375 0.55859375 0.009375 0.0734375
8 0.81015625 0.4296875 0.078125 0.0078125
1 0.7015625 0.58125 0.0703125 0.0765625
1 0.84140625 0.709375 0.046875 0.053125
1 0.5703125 0.64375 0.046875 0.053125
1 0.5125 0.64453125 0.046875 0.053125
2 0.4 0.56484375 0.0546875 0.0875
2 0.0703125 0.45 0.0546875 0.0875