0 0.71640625 0.1609375 0.053125 0.0265625
0 0.7828125 0.3828125 0.053125 0.021875
0 0.7828125 0.634375 0.053125 0.0203125
0 0.71796875 0.8578125 0.053125 0.0265625
0 0.2828125 0.8578125 0.0546875 0.0265625
0 0.2828125 0.63359375 0.0546875 0.0203125
0 0.28203125 0.3828125 0.0546875 0.021875
0 0.28203125 0.1609375 0.0546875 0.0265625
1 0.5203125 0.2796875 0.0515625 0.0546875
1 0.43515625 0.34765625 0.059375 0.0515625
1 0.43515625 0.45546875 0.059375 0.0515625
1 0.61875 0.3484375 0.059375 0.05
1 0.68125 0.4546875 0.059375 0.0515625
1 0.43515625 0.66875 0.059375 0.0515625
1 0.55703125 0.7375 0.0515625 0.0546875
1 0.61875 0.66875 0.059375 0.05
1 0.76875 0.50859375 0.0796875 0.1015625
8 0.52578125 0.8578125 0.053125 0.0265625
8 0.73125 0.75546875 0.0265625 0.1125
8 0.26875 0.74453125 0.028125 0.1125
8 0.26953125 0.50859375 0.028125 0.1125
8 0.3703125 0.1609375 0.11875 0.025
8 0.52578125 0.1609375 0.053125 0.0265625
8 0.72890625 0.2625 0.0265625 0.1125