0 0.184375 0.17578125 0.0125 0.0125
0 0.184375 0.4234375 0.0125 0.0125
0 0.2953125 0.4234375 0.0125 0.0125
0 0.184375 0.54140625 0.0125 0.0125
0 0.2953125 0.54140625 0.0125 0.0125
0 0.46484375 0.17578125 0.0109375 0.0125
0 0.46484375 0.215625 0.0109375 0.0140625
0 0.6390625 0.215625 0.0125 0.0140625
0 0.40234375 0.3546875 0.0109375 0.0125
0 0.51875 0.4234375 0.0125 0.0125
0 0.51875 0.54140625 0.0125 0.0125
0 0.184375 0.646875 0.0125 0.0125
0 0.428125 0.64140625 0.0125 0.0125
0 0.184375 0.76953125 0.0125 0.0140625
0 0.30625 0.778125 0.0078125 0.01875
0 0.6375 0.3546875 0.0109375 0.0125
0 0.9015625 0.4234375 0.0125 0.0125
0 0.9015625 0.5859375 0.0125 0.0140625
0 0.7484375 0.5859375 0.0125 0.0140625
0 0.51875 0.6859375 0.0125 0.0140625
0 0.5046875 0.778125 0.0078125 0.01875
0 0.6484375 0.6859375 0.0125 0.0140625
0 0.6484375 0.734375 0.0109375 0.0125
0 0.9015625 0.74140625 0.0125 0.0140625
1 0.56953125 0.28125 0.0421875 0.040625
1 0.43359375 0.334375 0.0421875 0.040625
1 0.4796875 0.4375 0.0421875 0.0421875
1 0.27734375 0.4671875 0.04375 0.028125
1 0.659375 0.4 0.0484375 0.034375
1 0.27734375 0.58125 0.04375 0.028125
1 0.4109375 0.60390625 0.04375 0.028125
1 0.503125 0.66484375 0.0421875 0.028125
6 0.82109375 0.50234375 0.15 0.153125
0 0.9015625 0.215625 0.0125 0.0140625