0 0.13125 0.85703125 0.078125 0.0125
0 0.81484375 0.85546875 0.071875 0.0140625
0 0.8390625 0.63125 0.0265625 0.040625
0 0.81640625 0.36171875 0.06875 0.0140625
0 0.4046875 0.3625 0.0703125 0.0125
0 0.1296875 0.36328125 0.078125 0.015625
0 0.1265625 0.10859375 0.0703125 0.015625
1 0.4578125 0.7125 0.090625 0.0546875
1 0.55390625 0.66875 0.090625 0.0484375
1 0.56171875 0.596875 0.090625 0.059375
1 0.34921875 0.56640625 0.084375 0.05
1 0.4671875 0.5125 0.09375 0.04375
1 0.4546875 0.46796875 0.084375 0.0375
1 0.31953125 0.478125 0.0875 0.05
8 0.10703125 0.6421875 0.040625 0.071875
8 0.83671875 0.5515625 0.0375 0.0625
8 0.8390625 0.4421875 0.0375 0.0625
8 0.8390625 0.7296875 0.04375 0.0625
8 0.30078125 0.86015625 0.125 0.028125
0 0.40859375 0.85703125 0.0703125 0.0125