0 0.28359375 0.1234375 0.03203125 0.0109375
0 0.596875 0.1234375 0.03046875 0.0109375
0 0.8875 0.84375 0.03203125 0.015625
0 0.621875 0.84375 0.03046875 0.015625
0 0.09375 0.73515625 0.03046875 0.02109375
0 0.09375 0.40703125 0.03046875 0.01875
8 0.27421875 0.203125 0.0109375 0.03828125
8 0.60703125 0.221875 0.0109375 0.115625
8 0.278125 0.36328125 0.01796875 0.03828125
8 0.23671875 0.40703125 0.03046875 0.01875
8 0.0890625 0.4828125 0.02109375 0.0390625
8 0.65234375 0.50625 0.03046875 0.02109375
8 0.1640625 0.73515625 0.06015625 0.02109375
8 0.3296875 0.73515625 0.0671875 0.0203125
8 0.4765625 0.73515625 0.03828125 0.0203125
1 0.51796875 0.328125 0.0390625 0.05859375
1 0.3890625 0.43125 0.0421875 0.05859375
1 0.51796875 0.43125 0.040625 0.05859375
1 0.26328125 0.440625 0.02578125 0.03828125
1 0.196875 0.47734375 0.0328125 0.03515625
1 0.23515625 0.5234375 0.03828125 0.05859375
1 0.2828125 0.521875 0.0375 0.05546875
1 0.5296875 0.61484375 0.04140625 0.06015625
1 0.58046875 0.71171875 0.0390625 0.06796875
2 0.75546875 0.825 0.06015625 0.05390625
2 0.87890625 0.64765625 0.0453125 0.06484375