0 0.071875 0.25546875 0.04375 0.0265625
0 0.38359375 0.25546875 0.04375 0.025
0 0.18828125 0.7875 0.0453125 0.028125
0 0.38359375 0.7875 0.04375 0.025
0 0.72890625 0.9 0.04375 0.025
1 0.33125 0.353125 0.053125 0.0828125
1 0.16328125 0.4984375 0.078125 0.0921875
1 0.59296875 0.6578125 0.034375 0.0484375
1 0.60859375 0.7203125 0.053125 0.071875
8 0.26328125 0.78828125 0.078125 0.0296875
8 0.740625 0.6875 0.025 0.096875
8 0.17421875 0.69296875 0.021875 0.10625
8 0.06015625 0.3421875 0.025 0.1
8 0.48800635625 0.8141480421875 0.47724135468749995 0.8349451859375 0.533213575 0.8869853093750001 0.5450451078125 0.8661287718749999 0.48800635625 0.8141480421875