0 0.125 0.25703125 0.021875 0.065625
0 0.125 0.6140625 0.021875 0.0671875
0 0.42421875 0.92734375 0.025 0.065625
0 0.5765625 0.74609375 0.021875 0.065625
0 0.42421875 0.453125 0.025 0.0671875
0 0.5796875 0.19921875 0.03125 0.0671875
0 0.8015625 0.19921875 0.03125 0.065625
0 0.80078125 0.77265625 0.03125 0.0671875
8 0.21484375 0.6328125 0.05 0.025
8 0.42421875 0.83671875 0.025 0.078125
8 0.4984375 0.94296875 0.071875 0.034375
8 0.8015625 0.6453125 0.0328125 0.0734375
1 0.38359375 0.509375 0.065625 0.075
1 0.38671875 0.584375 0.06875 0.071875
1 0.54921875 0.634375 0.0546875 0.0640625
1 0.53671875 0.8390625 0.078125 0.08125
1 0.5 0.4390625 0.053125 0.05
1 0.55 0.37734375 0.046875 0.0609375
2 0.765625 0.334375 0.065625 0.0984375
2 0.690625 0.75703125 0.084375 0.0625