0 0.11796875 0.06796875 0.0125 0.03125
8 0.246875 0.05625 0.140625 0.009375
1 0.353125 0.2140625 0.053125 0.046875
0 0.765625 0.26953125 0.0265625 0.015625
0 0.87734375 0.26640625 0.0109375 0.0234375
0 0.765625 0.45078125 0.025 0.0171875
0 0.771875 0.9046875 0.0140625 0.0265625
0 0.11796875 0.9046875 0.0125 0.028125
8 0.690625 0.17578125 0.175 0.009375
8 0.771875 0.22109375 0.0125 0.08125
8 0.8453125 0.26171875 0.053125 0.0125
8 0.8828616359374999 0.2786792453125 0.8718553453125001 0.2787421390625 0.8717767296875 0.2681761 0.8624451453124999 0.2681067640625 0.8623427671874999 0.4635220125 0.8828525781250001 0.46353081406249996 0.8828616359374999 0.2786792453125
8 0.83984375 0.45625 0.04375 0.0140625
8 0.63203125 0.48515625 0.084375 0.009375
8 0.771875 0.665625 0.0140625 0.078125
8 0.8078125 0.84765625 0.0125 0.0890625
8 0.79140625 0.8875 0.01875 0.009375
8 0.53828125 0.91328125 0.08125 0.0078125
8 0.43203125 0.8875 0.10625 0.0078125
8 0.275 0.91328125 0.1625 0.009375
8 0.27578125 0.4546875 0.1625 0.009375
8 0.1859375 0.57109375 0.0984375 0.009375
1 0.35390625 0.3 0.0515625 0.046875
1 0.2171875 0.6453125 0.059375 0.040625
1 0.3171875 0.73984375 0.078125 0.05625
1 0.5109375 0.74375 0.053125 0.046875
1 0.478125 0.79296875 0.040625 0.0375
1 0.51484375 0.1296875 0.059375 0.0546875
1 0.74140625 0.3796875 0.040625 0.0375
1 0.5630251328125 0.4098670984375 0.6017995 0.37272908125000004 0.5537762015625 0.342136459375 0.5092767296875 0.37471698125 0.5630251328125 0.4098670984375
6 0.45703125 0.5125 0.1546875 0.109375