0 0.64296875 0.25625 0.04296875 0.01953125
0 0.8828125 0.271875 0.0171875 0.0546875
0 0.18203125 0.271875 0.0140625 0.05078125
0 0.36171875 0.271875 0.015625 0.05078125
0 0.79375 0.4140625 0.04140625 0.01796875
0 0.63046875 0.4 0.01640625 0.05234375
0 0.88203125 0.66171875 0.015625 0.059375
0 0.7296875 0.6578125 0.0140625 0.05078125
0 0.578125 0.66171875 0.0171875 0.0609375
0 0.4203125 0.6625 0.015625 0.06015625
0 0.3609375 0.6703125 0.0140625 0.07578125
0 0.18203125 0.6671875 0.015625 0.06875
5 0.271875 0.6421875 0.15078125 0.01953125
8 0.4984375 0.7515625 0.1046875 0.0234375
8 0.65234375 0.75 0.0890625 0.02109375
8 0.803125 0.6421875 0.09296875 0.01953125
7 0.390625 0.6421875 0.0328125 0.01875
7 0.80625 0.33515625 0.01484375 0.04375
7 0.68046875 0.4140625 0.03125 0.01875
1 0.4234375 0.546875 0.00859375 0.05234375
1 0.546875 0.484375 0.0546875 0.01328125
1 0.60078125 0.55703125 0.05078125 0.009375
1 0.6796875 0.525 0.00625 0.06328125
1 0.6546875 0.48984375 0.0390625 0.009375
1 0.5515625 0.4171875 0.0390625 0.01015625
1 0.85859375 0.41796875 0.03984375 0.009375