0 0.09140625 0.11796875 0.03125 0.009375
0 0.4234375 0.11796875 0.0296875 0.009375
0 0.603125 0.13046875 0.0078125 0.034375
0 0.61328125 0.503125 0.0296875 0.009375
0 0.91171875 0.503125 0.03125 0.009375
0 0.91171875 0.8765625 0.03125 0.009375
0 0.6140625 0.87578125 0.0296875 0.009375
0 0.39453125 0.8765625 0.03125 0.009375
0 0.09140625 0.8765625 0.03125 0.009375
0 0.09140625 0.4828125 0.03125 0.009375
0 0.43515625 0.490625 0.009375 0.034375
8 0.08046875 0.61640625 0.0078125 0.053125
8 0.08046875 0.3 0.009375 0.171875
8 0.92265625 0.68984375 0.0078125 0.171875
8 0.4953125 0.8765625 0.04375 0.009375
8 0.3171875 0.8765625 0.075 0.009375
1 0.19921875 0.52109375 0.0671875 0.06875
1 0.26171875 0.66328125 0.059375 0.078125
1 0.40546875 0.57265625 0.0671875 0.06875
1 0.56953125 0.6625 0.059375 0.078125
1 0.63203125 0.553125 0.065625 0.06875
6 0.51875 0.3046875 0.159375 0.3640625