0 0.32890625 0.15625 0.025 0.0140625
0 0.703125 0.15625 0.0234375 0.0140625
0 0.81015625 0.278125 0.0234375 0.0140625
0 0.81015625 0.40390625 0.0234375 0.0125
0 0.85 0.45234375 0.0234375 0.0125
0 0.85 0.840625 0.021875 0.0140625
0 0.48828125 0.840625 0.025 0.0140625
0 0.4859375 0.49296875 0.025 0.0125
0 0.5265625 0.43203125 0.021875 0.009375
0 0.5265625 0.29453125 0.021875 0.0078125
0 0.23046875 0.29765625 0.0234375 0.0125
0 0.23046875 0.490625 0.0234375 0.0140625
8 0.22578125 0.4421875 0.0125 0.01875
8 0.31171875 0.49375 0.1296875 0.00625
8 0.4578125 0.49140625 0.03125 0.0125
8 0.4875 0.50859375 0.0203125 0.01875
8 0.4875 0.60703125 0.0203125 0.0265625
8 0.55859375 0.84140625 0.06875 0.0125
8 0.8546875 0.76953125 0.0125 0.0578125
8 0.8546875 0.56875 0.0125 0.0578125
8 0.81171875 0.34140625 0.021875 0.040625
2 0.4328125 0.1703125 0.06875 0.040625
2 0.59921875 0.1703125 0.0703125 0.040625
2 0.6921875 0.21875 0.0453125 0.04375
2 0.57734375 0.38671875 0.0703125 0.034375
1 0.74453125 0.2984375 0.05 0.053125
1 0.73828125 0.428125 0.0578125 0.0359375
1 0.69296875 0.6546875 0.05 0.0390625
1 0.64609375 0.6953125 0.046875 0.04375
1 0.5984375 0.6546875 0.05 0.0390625
1 0.5984375 0.54609375 0.05 0.040625
1 0.5609375 0.4515625 0.046875 0.0375
1 0.51875 0.415625 0.046875 0.025
1 0.64375 0.38359375 0.04375 0.040625