0 0.1046875 0.41015625 0.009375 0.028125
0 0.1046875 0.703125 0.0078125 0.0265625
0 0.37109375 0.7125 0.009375 0.0265625
0 0.37109375 0.92734375 0.009375 0.028125
0 0.6796875 0.9265625 0.009375 0.028125
8 0.6796875 0.8625 0.009375 0.096875
0 0.6796875 0.72265625 0.009375 0.028125
0 0.8140625 0.703125 0.0078125 0.028125
0 0.8140625 0.46328125 0.009375 0.028125
0 0.85 0.253125 0.009375 0.0265625
0 0.61875 0.128125 0.0078125 0.028125
0 0.46640625 0.128125 0.00625 0.028125
0 0.37109375 0.1984375 0.0078125 0.028125
0 0.37109375 0.40078125 0.0078125 0.028125
8 0.37109375 0.82734375 0.009375 0.065625
8 0.21953125 0.7125 0.09375 0.00625
8 0.81328125 0.65390625 0.0078125 0.034375
8 0.61875 0.2046875 0.009375 0.034375
1 0.35234375 0.53359375 0.04375 0.034375
1 0.35234375 0.5828125 0.046875 0.034375
1 0.41171875 0.65 0.0578125 0.059375
1 0.49609375 0.634375 0.05 0.034375
1 0.60546875 0.63046875 0.04375 0.0453125
1 0.64609375 0.69296875 0.0421875 0.046875
1 0.6828125 0.5921875 0.0421875 0.0453125
1 0.47265625 0.50390625 0.0453125 0.034375
1 0.47265625 0.553125 0.0453125 0.034375
5 0.32734375 0.45390625 0.0078125 0.078125
5 0.3265625 0.6578125 0.0078125 0.078125
6 0.374929971875 0.1901282046875 0.37478991562499997 0.40846153906250005 0.45014005625 0.40833333281249995 0.44985994375000005 0.24794871718749997 0.5028011203125 0.248205128125 0.5023809531250001 0.1897435890625 0.374929971875 0.1901282046875