0 0.06484375 0.375 0.0421875 0.015625
0 0.05390625 0.78046875 0.0203125 0.0375
0 0.70546875 0.5640625 0.0359375 0.015625
0 0.89765625 0.22578125 0.040625 0.015625
8 0.55859375 0.22578125 0.0359375 0.015625
8 0.3546875 0.221875 0.0359375 0.009375
8 0.21640625 0.2984375 0.0125 0.1140625
8 0.05390625 0.4671875 0.0203125 0.0625
8 0.05390625 0.5703125 0.0203125 0.034375
8 0.909375 0.37890625 0.015625 0.13125
8 0.14453125 0.790625 0.06875 0.01875
8 0.328125 0.790625 0.06875 0.0171875
8 0.41953125 0.559375 0.01875 0.0453125
8 0.44453125 0.51796875 0.0265625 0.015625
8 0.621875 0.5640625 0.06875 0.015625
1 0.2 0.50234375 0.028125 0.040625
1 0.2 0.5875 0.028125 0.040625
1 0.2 0.63203125 0.0296875 0.040625
1 0.2734375 0.6 0.028125 0.040625
1 0.4640625 0.3734375 0.046875 0.05
1 0.51953125 0.32421875 0.046875 0.0515625
1 0.471875 0.46015625 0.028125 0.040625
1 0.496875 0.49921875 0.05 0.053125
1 0.7015625 0.5046875 0.028125 0.040625
5 0.8046875 0.471875 0.15 0.015625