1 0.19609375 0.53828125 0.065625 0.09375
1 0.48515625 0.41015625 0.046875 0.05
1 0.80390625 0.4953125 0.0515625 0.075
1 0.76171875 0.61328125 0.05 0.075
1 0.7421875 0.690625 0.046875 0.0515625
0 0.8265625 0.8921875 0.00625 0.0234375
0 0.36171875 0.89921875 0.01875 0.009375
0 0.82578125 0.08359375 0.00625 0.0296875
0 0.1375 0.0734375 0.025 0.0125
6 0.521875 0.2328125 0.140625 0.30625
8 0.59140625 0.9 0.09375 0.009375
8 0.73828125 0.9 0.0375 0.009375
8 0.79296875 0.9 0.0375 0.009375
8 0.8265625 0.746875 0.00625 0.059375
8 0.8265625 0.26953125 0.00625 0.146875
8 0.63046875 0.07421875 0.05 0.0125
8 0.36171875 0.0734375 0.05 0.0125
8 0.1796875 0.0734375 0.05 0.0125
8 0.2640625 0.60078125 0.1109375 0.009375
8 0.35546875 0.74609375 0.0078125 0.146875
8 0.796875 0.0734375 0.0515625 0.0125
8 0.55 0.0734375 0.05 0.0125
8 0.49453125 0.0734375 0.05 0.0125