0 0.8671875 0.0984375 0.0109375 0.034375
0 0.8671875 0.440625 0.0109375 0.0328125
0 0.8671875 0.896875 0.0109375 0.0328125
0 0.42734375 0.896875 0.0109375 0.0328125
0 0.09609375 0.896875 0.0109375 0.0328125
0 0.09609375 0.440625 0.0109375 0.0328125
0 0.09609375 0.0984375 0.0109375 0.0328125
0 0.521875 0.0984375 0.0109375 0.034375
0 0.521875 0.44140625 0.0125 0.034375
0 0.428125 0.59609375 0.0109375 0.0328125
8 0.09609375 0.23125 0.0109375 0.1625
8 0.09609375 0.38359375 0.0109375 0.05
8 0.09609375 0.67890625 0.0109375 0.1609375
8 0.8671875 0.74609375 0.0109375 0.1625
8 0.8671875 0.26953125 0.0109375 0.1625
8 0.69453125 0.08671875 0.1875 0.009375
8 0.309375 0.08671875 0.1875 0.009375
1 0.4703125 0.61640625 0.075 0.0734375
1 0.66328125 0.4890625 0.0828125 0.0640625
1 0.5640625 0.42109375 0.075 0.0734375
1 0.38515625 0.36875 0.075 0.0734375
1 0.4734375 0.3046875 0.075 0.0734375
8 0.8671875 0.51953125 0.009375 0.0484375
2 0.3046875 0.884375 0.1125 0.0578125