0 0.1609375 0.8921875 0.0296875 0.0578125
0 0.50546875 0.89453125 0.028125 0.0625
8 0.42421875 0.89140625 0.0875 0.0609375
8 0.24140625 0.89375 0.0796875 0.059375
8 0.24140625 0.275 0.0828125 0.0609375
8 0.44140625 0.2625 0.04375 0.040625
8 0.62265625 0.1265625 0.0828125 0.06875
8 0.87265625 0.29921875 0.0703125 0.1046875
1 0.32734375 0.603125 0.0796875 0.06875
1 0.3328125 0.4625 0.059375 0.0578125
1 0.390625 0.3984375 0.05625 0.059375
1 0.390625 0.665625 0.0578125 0.0609375
1 0.44375 0.59453125 0.0625 0.05625
1 0.56796875 0.61484375 0.078125 0.0921875
1 0.76796875 0.60703125 0.0953125 0.10625
0 0.51328125 0.12265625 0.03125 0.0625
0 0.16015625 0.27421875 0.0265625 0.05625
0 0.88828125 0.121875 0.028125 0.059375
0 0.8890625 0.63671875 0.028125 0.059375