0 0.7375 0.08359375 0.00625 0.025
0 0.10625 0.084375 0.0078125 0.025
0 0.10625 0.6390625 0.00625 0.0265625
0 0.1671875 0.89375 0.009375 0.0265625
0 0.3390625 0.84453125 0.0125 0.025
0 0.7359375 0.84453125 0.009375 0.0265625
0 0.7359375 0.53203125 0.009375 0.025
0 0.7359375 0.23828125 0.009375 0.025
0 0.5234375 0.2296875 0.034375 0.009375
0 0.23359375 0.23828125 0.0125 0.025
0 0.23359375 0.5421875 0.0125 0.025
0 0.52265625 0.53203125 0.009375 0.025
8 0.7359375 0.790625 0.0125 0.053125
8 0.7359375 0.69375 0.0125 0.0296875
8 0.7359375 0.6125 0.0125 0.053125
8 0.73671875 0.4859375 0.0109375 0.0296875
8 0.7359375 0.4140625 0.0125 0.078125
8 0.7359375 0.30546875 0.0109375 0.053125
8 0.46484375 0.2296875 0.046875 0.0109375
8 0.33046875 0.2296875 0.0921875 0.0125
8 0.23359375 0.30546875 0.015625 0.053125
8 0.23359375 0.425 0.015625 0.078125
8 0.23359375 0.60390625 0.015625 0.0421875
8 0.24296875 0.70703125 0.015625 0.0421875
8 0.42578125 0.853125 0.059375 0.0125
8 0.6296875 0.853125 0.1125 0.0140625
1 0.60625 0.70703125 0.046875 0.028125
1 0.55390625 0.76171875 0.059375 0.046875
1 0.55546875 0.6328125 0.0609375 0.046875
1 0.27109375 0.7515625 0.046875 0.034375
1 0.26015625 0.51328125 0.0484375 0.034375
8 0.63515625 0.2296875 0.0953125 0.0140625
1 0.54140625 0.3515625 0.046875 0.028125
1 0.496875 0.315625 0.0484375 0.040625
1 0.41484375 0.3515625 0.046875 0.028125
6 0.253125 0.83671875 0.165625 0.13125